0 2544
1 3092
1 3349
1 3397
1 4174
1 2041
1 1492
2 1534
2 4119
2 3671
2 4710
2 4737
2 3864
2 4261
3 3624
3 3345
3 4701
4 3589
4 1946
5 3033
5 2590
5 2078
6 1994
6 2572
6 3745
7 1937
7 2123
7 1988
7 4960
7 3456
8 3998
8 5387
9 1901
9 1850
9 4911
10 3238
10 3807
10 4041
10 2874
11 5289
12 1936
12 2190
12 4102
13 2572
13 5142
14 3275
14 3084
15 3983
15 2924
15 3864
15 5072
15 5153
16 3230
16 3389
16 3639
16 4782
17 3300
18 3538
18 1626
18 3629
18 5186
19 2668
19 3488
19 1690
19 4924
20 1551
20 4889
20 5351
21 1935
21 4406
21 4676
21 4906
21 5239
22 4147
22 2131
23 1856
23 4784
23 2085
23 3939
23 3385
24 2457
24 1709
24 4866
24 3379
24 5302
25 4015
25 4195
25 2160
25 5023
26 2899
26 3163
26 3367
26 2524
26 4643
26 5011
26 1601
26 2210
26 5291
26 5352
26 1924
27 2586
27 4961
28 3723
29 2130
29 1871
29 1859
29 4900
30 4044
30 4558
30 4752
30 4765
30 2301
30 5216
30 2663
30 2006
31 1799
31 1532
31 1607
31 4071
31 3921
32 1751
32 2708
32 2060
32 2171
32 5009
32 5217
32 5373
33 2125
33 5160
34 1521
34 2041
34 3414
34 1858
34 5166
34 5453
35 2250
35 1626
35 4180
35 4244
35 4587
35 1759
35 3392
35 1618
36 2066
36 1616
36 2351
36 2886
36 2715
36 4000
36 3247
37 2004
37 2013
37 4743
38 4151
38 3767
39 4239
39 4378
39 4020
40 2186
41 2057
41 2688
41 1825
41 1695
42 3046
42 1959
42 3040
43 1762
43 3728
43 4027
43 3007
43 4766
44 2035
44 4498
45 1589
45 4131
46 3236
46 4056
46 2514
46 4959
47 1661
47 4664
47 3302
47 4334
48 1932
48 3216
48 1585
49 2646
49 3270
49 3447
49 3020
49 4280
49 4615
49 4969
49 5461
50 1722
50 1709
51 2417
51 1953
51 2754
51 1540
51 4537
51 4819
51 5250
52 2007
52 3420
52 3517
52 3066
52 3362
53 1957
53 1887
53 3559
53 4838
54 1628
54 5197
54 2717
54 2208
55 1756
55 2723
56 1617
56 4769
56 3407
57 2029
57 3481
57 5350
57 2689
58 2717
58 2208
58 4540
58 4694
58 4557
58 3339
59 2767
59 5233
60 3804
60 2964
61 2498
61 5452
62 4036
62 1983
62 3210
63 2170
64 1787
64 1695
64 3425
65 3540
65 4687
66 3770
67 3441
67 2875
67 1732
68 4922
69 2893
69 4124
70 1618
70 1978
70 3961
70 4183
70 3928
70 2501
71 2719
71 3512
71 2299
71 3987
71 3583
72 2407
72 1977
72 1562
73 1512
73 1800
73 2588
73 3829
73 3089
73 4949
74 5146
75 4082
75 2584
75 2867
76 4273
76 5344
77 4013
77 5242
77 5292
78 4143
78 4171
79 2596
79 2983
80 1811
80 2543
80 1657
80 1653
81 1846
81 4025
81 1972
81 4988
81 2508
81 5180
81 1673
82 2310
82 3295
83 4038
83 1719
83 1808
83 4860
83 4999
83 4740
83 3362
84 1895
84 3372
84 1897
84 3415
85 3184
85 3109
86 2396
86 3646
86 3819
86 5443
87 3782
87 2142
87 2478
87 2073
88 1715
88 4445
88 4863
89 2880
89 3627
89 3274
89 3714
90 2063
90 2414
90 2987
90 4319
90 3677
90 4857
90 5267
91 2955
91 2043
91 1497
91 3581
91 2572
91 2961
92 2486
92 2603
92 3316
92 4585
92 4967
93 1661
93 2061
93 1934
93 3638
93 2581
93 2386
93 1471
94 4049
94 4691
94 1984
94 3338
94 2036
95 2081
95 3302
95 2882
96 1467
96 2203
96 1665
96 3491
96 3685
96 3552
96 1920
96 1731
97 2410
97 2176
97 2275
97 4672
97 1518
97 4732
97 5052
98 3730
98 4916
98 3463
99 4337
100 2119
100 1815
100 3525
100 2014
100 2214
101 3257
101 2777
101 1506
102 1818
103 2842
103 2823
104 3830
105 3014
105 5378
106 2802
106 3025
106 2264
106 2678
106 2114
106 2155
106 1542
107 1805
107 1719
107 2766
107 2868
107 5427
108 2154
109 4460
109 3935
110 5421
111 3786
111 1491
112 1791
112 3107
112 2760
112 3208
112 4456
112 4724
112 2115
112 4441
113 3146
113 3288
113 2242
113 4069
113 5341
114 1839
114 2452
114 2512
114 4260
114 2635
114 4620
114 2492
114 3324
115 2204
115 3752
115 3940
115 4973
116 4355
116 4713
117 3199
117 3483
118 2957
118 3814
118 5385
119 4876
119 5207
119 2896
120 4250
120 1479
120 1496
121 2554
121 2912
121 3041
121 4865
122 1913
122 1721
122 2985
122 3000
122 3414
123 2720
123 3701
123 2778
124 2548
124 2894
125 4106
125 5151
125 4811
126 2856
126 3165
126 4771
126 2433
127 1536
127 3093
127 3366
127 2710
128 2532
128 4510
129 4219
130 4638
130 2494
130 2302
130 3505
130 1608
131 1608
131 4638
131 2494
132 3252
132 2288
132 4878
132 3093
133 5418
133 5455
134 1491
134 4081
135 3747
135 1808
135 4802
136 1499
136 1662
137 2055
137 2872
137 3529
137 4530
137 3897
138 1716
138 4247
138 4577
138 1719
139 3006
139 1619
139 2828
140 3128
140 2186
141 2935
142 2047
142 2446
142 4758
142 2513
142 5357
143 4399
143 4807
143 3227
144 2827
144 1656
144 2737
144 3400
145 1727
145 3825
145 5144
146 3063
146 1483
146 3643
146 3450
146 3986
147 1818
147 2080
147 3828
147 1920
147 5131
147 5132
148 3535
148 3686
148 4787
148 3473
148 5201
148 5260
149 2320
150 1921
150 1557
150 4382
150 2036
150 2865
150 5389
151 2307
151 3282
151 1775
152 1917
152 2330
152 3080
152 2959
152 4758
152 3057
152 3875
152 5457
153 2611
154 2294
154 2830
154 4697
155 3247
155 3202
156 2657
157 3549
158 1569
158 3886
158 4434
158 5460
159 1557
159 2854
159 2936
159 3172
159 3293
159 2510
159 3865
160 1621
160 4709
160 4945
160 5025
160 1491
160 1906
161 3934
161 4653
161 2778
161 2176
162 2058
162 4757
162 3635
163 2110
163 2226
163 5257
164 3504
165 5252
165 2563
165 4053
166 2765
166 1911
166 2842
166 3326
167 1826
167 1735
167 2241
167 1868
168 4145
169 3183
169 2896
169 1703
169 2887
169 2497
169 1891
170 2112
171 2900
171 3138
171 4179
171 4722
171 2326
171 1627
171 2470
171 3638
172 4893
173 3084
174 4649
174 2447
175 3143
175 4403
175 4433
175 1593
175 4816
175 5074
175 4125
176 4951
177 1911
177 2805
177 4364
177 3946
178 3551
179 1655
179 4221
180 3364
180 3292
180 4625
181 3156
182 2604
182 4974
183 4392
184 2542
184 2797
184 2925
185 2053
185 2207
185 3017
185 4570
185 4788
185 5067
185 5383
186 3116
186 3373
186 3124
186 3688
186 2656
186 4121
186 4827
186 2393
186 4963
186 5045
186 3977
186 2926
187 1552
187 3470
187 3593
187 4654
187 5299
187 5331
188 1969
188 2778
189 2794
189 4997
190 2773
190 2177
190 2706
190 3004
190 3448
191 1571
191 2716
191 4243
192 3397
192 3744
192 4549
192 4630
192 5348
193 2736
193 4786
194 1606
194 2778
194 5116
194 5286
194 1938
194 4016
195 2869
196 2518
196 4192
197 3676
198 2315
198 3864
198 1534
198 3345
198 5481
199 2332
199 2644
199 4670
199 3789
199 1993
200 4641
200 2810
200 5093
201 2538
201 3952
201 2436
201 4229
202 3237
202 1535
202 4209
203 2952
204 2105
205 2579
205 3221
205 1969
205 4054
205 4760
206 2786
206 3867
206 4618
206 3072
206 2146
206 1680
207 1957
207 1502
207 1786
207 3260
207 1677
207 4849
208 2411
208 2331
208 5105
208 5117
209 3568
209 3613
209 3595
209 4735
210 3802
210 5369
211 2721
211 3309
211 3444
211 3977
212 3031
212 4817
212 5004
212 5086
213 3203
213 4198
213 4269
213 4338
213 3756
213 3137
214 1602
215 3877
215 3509
215 4316
215 2199
215 5070
215 4910
215 5407
216 3869
216 2803
217 2390
217 2792
217 2096
217 1870
217 2634
217 5203
217 2944
217 1525
218 3900
218 3185
218 4115
219 2157
219 2761
220 3824
220 3465
220 4048
220 2116
221 1723
221 2549
221 2825
221 1682
221 2212
221 3306
221 2857
221 3149
221 4234
222 1565
222 4345
222 4629
222 5430
223 3245
223 2267
224 4061
224 4972
224 2237
224 5323
224 4848
225 2399
226 1485
227 1683
227 3989
228 2191
228 4402
229 2079
229 3755
229 4354
230 1760
230 4443
230 4962
230 3131
230 3039
231 3413
231 3180
231 3905
231 2329
232 1892
232 4830
232 5377
233 2567
233 2686
233 2030
233 4485
233 1671
233 2363
233 4521
233 1869
234 2654
234 2052
234 2262
234 4594
234 4984
235 1529
235 2968
235 1860
235 4981
236 2000
236 4423
236 5078
237 2982
237 5227
238 4094
238 1942
238 4307
239 3827
239 1954
239 2903
239 2274
239 4066
239 2527
240 3771
240 4344
240 3328
240 5048
241 2717
241 2875
241 4313
241 2172
241 1759
241 3046
242 1489
243 2766
243 4680
243 2902
243 3063
243 4072
244 1808
245 2008
245 2106
245 1829
245 4117
245 4386
246 3044
246 3344
246 4599
247 1672
247 2061
247 1682
247 4427
247 4707
247 5102
247 4532
248 2670
248 2910
248 3622
248 2192
248 4801
248 4890
249 2630
250 1910
250 2969
250 3452
251 3736
251 3492
251 4298
252 2336
252 3051
252 4088
252 4329
252 5220
252 1982
253 1872
253 2565
253 4845
253 5039
253 3521
253 3347
254 2850
254 4146
254 1637
254 5308
255 3887
255 4059
255 4583
255 1798
255 5041
255 4896
256 1808
256 2984
256 5288
256 5361
257 5284
257 5320
258 3034
258 1604
258 3645
258 5069
258 5477
259 3369
259 3874
259 5046
259 4603
260 2569
260 2551
261 2257
261 5139
261 3806
262 2474
262 3563
262 3582
262 3748
262 2049
262 4990
262 2674
262 5437
263 2648
263 4958
264 3269
265 2308
265 2456
265 1956
265 4141
265 4220
266 2748
266 3700
267 4273
268 4091
268 2973
269 1484
269 1535
269 4422
269 2641
269 4525
269 4590
270 2895
270 4496
270 4886
270 5214
270 1825
271 2682
271 3975
271 1947
272 3795
272 4092
272 5122
272 5408
273 1553
273 2247
273 2857
273 2466
273 4792
273 2822
274 2572
274 1933
275 2536
275 3988
276 2849
276 4185
276 2201
277 4435
277 5199
277 5300
277 5270
278 3767
278 4370
279 3956
279 1870
279 4872
279 1488
279 1988
280 3672
281 3672
281 1491
282 3787
282 3908
283 1681
283 2816
283 1491
283 5154
283 5394
284 3211
284 2423
285 1631
285 3076
285 3257
285 4342
286 3160
287 2796
287 3855
287 4970
287 5285
287 5366
288 2317
288 1864
289 2864
289 3324
289 3505
289 2368
289 4956
290 1869
290 2726
290 1473
291 2186
291 4593
291 3352
292 4546
292 3060
292 3808
293 4098
293 3217
293 5149
294 2615
294 4718
294 2502
295 2578
295 1608
295 3122
295 2466
295 3881
295 3120
295 2703
295 4342
295 1829
295 2416
296 2191
296 4921
296 3071
297 1927
298 3223
298 3566
298 1748
299 2599
299 3571
299 4177
299 4469
300 3250
300 4356
300 4559
300 1741
301 2208
301 3191
301 2717
301 4438
301 4694
301 4854
301 4540
302 1864
302 2119
302 4052
303 1479
303 2074
303 4223
303 4869
304 2182
304 3312
304 3215
304 1962
304 2322
304 4186
305 5422
306 2266
306 4049
306 5307
306 4409
307 4565
308 2046
308 2268
308 2661
308 3284
308 3090
308 5355
309 3391
309 1675
310 1500
310 2911
310 2954
310 4050
310 4675
311 1695
311 3554
311 4682
311 1709
311 1661
311 5298
312 1793
312 3675
312 4563
312 4689
313 1709
313 2949
313 5097
313 5178
314 1792
314 2138
314 3400
314 2058
315 1613
315 1819
315 1885
315 1957
315 1830
315 1772
315 4401
316 2405
316 3798
316 3901
316 4899
316 5272
316 5397
317 3702
317 3147
317 3553
317 1789
318 2813
318 3654
319 3703
319 5082
320 2221
320 2905
320 1846
320 5458
321 3196
321 4242
321 4992
321 3299
322 3064
322 3277
322 3565
322 4187
322 3538
323 1931
323 3735
323 3131
324 2191
325 3805
325 3323
326 4033
326 4036
326 2799
327 3350
327 2256
327 4411
327 5371
328 2481
328 2882
328 2687
328 2236
328 1682
329 3311
330 2658
330 2944
330 3356
330 3456
330 3745
330 1870
330 2043
330 2792
331 2014
331 3006
332 2098
332 3514
333 2578
333 1624
333 4350
333 3175
334 5026
335 3167
336 3612
337 4255
337 3008
337 2864
337 1669
337 2442
337 3370
338 3473
338 1776
338 1708
338 5050
339 2303
339 1719
339 2665
339 4734
339 3888
340 2293
340 2364
340 2167
340 3981
340 2200
340 2986
341 1801
341 2089
342 2145
342 2325
342 3083
342 3239
342 1867
342 4286
342 1543
343 2496
343 4793
343 3455
343 5185
343 5217
344 2795
344 1788
344 4805
344 2489
345 5391
346 2725
346 2532
346 5055
347 2163
347 1682
347 4566
348 2420
348 3511
349 3772
350 3967
350 4156
351 2282
351 4266
351 5248
351 5472
352 3267
352 2301
352 4690
352 5141
353 3403
353 3439
353 1844
353 1493
353 1536
353 3366
354 1589
354 2216
354 1580
354 3843
354 2834
354 4812
354 1492
354 1934
355 3409
355 1912
355 1572
356 4789
356 5001
356 2186
357 2915
357 4777
358 1865
358 3399
358 3894
358 4796
358 4933
359 3916
359 4728
359 4411
360 2549
360 4246
361 1840
361 2560
361 2520
361 1706
361 2240
362 2058
363 2415
363 3542
363 1557
363 5083
364 2595
364 1723
364 3166
364 2803
364 3038
364 4977
365 2146
365 4778
365 1590
365 3027
366 3618
366 3841
366 3910
367 2045
367 1467
367 2857
367 5169
367 1797
368 2870
368 3710
369 2683
369 4144
369 2397
369 3271
369 2409
370 2339
370 2553
370 2821
370 3729
370 3879
370 3122
370 4527
370 3689
371 3391
371 3539
371 3052
372 5033
373 3682
373 4028
374 2260
374 4499
374 1911
374 5060
375 2763
375 4393
376 3618
376 3910
376 2102
377 1513
377 2356
377 5236
378 2445
378 1854
378 4859
379 1690
379 2015
379 5094
380 1690
381 1544
381 2152
381 1843
381 4066
382 2725
383 3103
384 2505
384 5429
385 4018
385 4978
386 1537
386 2004
386 3567
387 2028
387 1989
387 3187
388 4539
388 5087
389 2076
389 3049
389 3246
389 2140
389 5218
390 3629
390 2428
390 4619
390 3732
391 2413
391 1482
391 5054
392 2765
392 2451
392 3871
392 1721
392 3642
393 2448
393 3635
393 3973
393 2907
394 3144
394 4692
395 2816
395 2213
396 1695
396 4322
397 5363
397 2164
398 2467
398 2963
398 2110
398 2058
398 1993
398 2121
399 1739
399 2991
399 2225
399 2214
399 4843
399 4908
400 4451
401 3052
401 3539
401 3768
402 3085
402 4428
402 3503
402 5113
402 5415
403 4248
403 3110
403 5021
403 3987
403 3353
404 4548
404 5097
404 5473
405 2787
405 2959
405 4458
405 4551
405 1867
406 1758
406 1867
406 2069
406 4458
407 2563
407 1969
407 3570
407 2778
408 1770
408 3362
408 2216
408 2734
408 2635
408 3842
409 3008
409 4203
409 4302
409 4506
409 4035
409 5304
410 1810
410 3980
410 4452
411 4215
411 1844
411 4556
412 4065
412 4383
413 3644
413 3958
413 1974
413 4249
414 1677
414 2840
414 2168
414 4080
414 1476
414 1844
414 4359
414 3528
414 3630
414 5084
414 1786
415 1863
415 3564
415 4302
415 5031
415 3036
416 2042
416 3341
416 4200
416 2455
417 2623
417 3214
417 1627
417 3798
417 4041
417 1776
417 1728
417 5409
418 2476
418 1584
418 2905
419 3948
419 4964
420 1838
420 3993
420 2571
421 3009
421 5068
422 1905
422 4668
422 5375
423 2400
423 3802
423 3273
423 5268
424 1699
424 2861
424 3182
424 3285
424 5367
424 1659
425 1880
425 4033
425 5135
426 3458
426 3608
426 3402
426 4132
427 2305
427 2782
428 3365
428 3737
428 3691
428 3810
428 3731
428 2194
429 1750
429 2624
429 3527
429 3693
429 2581
430 1838
431 2122
431 2082
431 1838
431 2383
432 2762
433 3019
433 2745
433 4007
434 2152
434 1503
435 2730
435 1762
435 2432
436 3794
436 2612
436 3008
436 3936
437 2070
437 4407
437 1596
437 2507
437 2903
438 2587
438 3493
438 3331
438 1706
439 3509
439 4293
440 1691
440 2330
440 3082
440 4543
440 5412
441 3047
441 3613
441 2806
442 3477
442 3775
442 3788
442 4110
442 2836
442 5076
442 2460
442 2509
443 2171
444 2039
444 3857
444 3414
444 2620
445 2060
445 3390
445 3431
445 5032
446 2679
446 5101
446 4508
446 2323
447 1651
447 2906
447 2271
447 2261
447 4887
448 1823
448 3190
448 3879
448 1869
448 2316
449 1554
449 2381
449 2878
449 1747
449 4000
449 4034
449 2405
449 4524
449 3611
449 1523
449 1984
449 4113
449 5051
449 5193
449 5243
449 2282
450 1721
450 2146
451 2025
451 3750
452 1593
452 2525
452 2995
452 1700
453 2555
453 1761
453 4522
453 4567
454 1790
454 2337
454 3826
454 4487
454 3521
454 3465
455 2376
455 2858
455 1668
455 1623
455 2620
456 2387
456 1848
456 4940
456 3776
457 1623
457 2180
457 1756
457 2306
457 2366
458 2206
458 3316
459 2149
459 4157
459 1785
459 2232
459 4484
459 5071
460 3849
460 1968
460 2364
460 2901
461 1821
461 2616
461 2790
461 4891
461 1767
461 4934
461 1911
461 1808
461 5261
461 5326
461 5109
461 2537
462 2687
462 2088
462 4518
462 3916
463 4481
463 4815
463 4123
464 2822
464 4095
464 2449
464 2199
464 5265
464 3038
464 2739
465 3013
465 3121
466 1927
466 3540
466 5213
467 2024
467 4656
468 2517
468 2388
468 3073
468 4986
468 5296
468 1775
469 5208
470 2659
470 1575
471 1583
471 1519
471 1676
472 2471
473 1644
473 1753
473 3818
473 5295
473 2306
474 2430
475 2743
475 3184
475 3631
476 3487
476 3661
476 3796
476 5356
476 1570
476 3737
477 2191
477 2245
477 1888
478 4439
478 4466
478 4731
479 4874
479 5253
479 5345
479 4688
479 5439
480 1701
480 2287
480 2340
480 2493
480 3996
480 3587
480 2355
480 5121
481 2493
481 3587
481 1674
481 3996
481 4501
481 4573
481 2034
481 5081
481 5121
482 2525
482 3994
482 4074
482 4152
482 3408
482 4486
482 3587
483 2119
483 3318
483 1976
483 5098
483 2752
483 5222
483 4035
484 2292
484 2759
484 3475
485 2678
485 2922
486 1482
486 5195
487 2678
487 5164
488 2303
489 2233
489 2354
489 2534
489 2253
490 2692
490 2016
490 4312
490 4511
490 5115
490 5148
491 2535
491 3713
491 4549
491 2051
492 1987
492 3248
492 3445
492 3846
492 4459
493 2058
493 3119
493 1993
493 4545
493 1656
494 1695
494 1656
494 4283
494 1709
494 1500
495 4100
495 1500
495 3059
495 5188
495 5479
496 2942
496 3599
497 1858
497 2092
497 2365
497 3361
497 4523
497 2934
497 3449
497 4806
497 4821
497 5446
498 4390
498 4391
499 2384
499 1787
499 3931
500 2638
500 2600
500 4489
500 3405
500 5061
501 3002
501 1764
502 1764
502 4208
503 2203
503 2824
503 3636
503 3324
503 4809
503 2996
504 1752
504 2728
504 2539
504 3501
504 2092
505 2662
506 5434
507 4291
507 3418
507 2771
508 2572
508 3456
508 2634
508 2172
509 2048
509 2209
509 3366
509 1926
509 1536
509 2757
509 3569
509 2779
510 1646
510 4717
510 1536
510 2048
510 3260
510 4387
511 3466
511 3024
511 4783
511 2137
512 2757
512 2593
512 1926
512 1612
513 1599
513 3016
513 3979
513 1804
513 1808
514 3490
514 1562
514 4850
514 2617
515 1479
515 2688
516 1916
516 2342
516 4449
516 2595
516 1480
516 4592
517 1988
517 2495
517 4261
517 3045
518 3209
518 4394
518 1907
518 2909
518 2612
519 1643
519 2920
519 2041
519 2277
519 3999
519 3744
519 1876
519 1584
520 4440
520 2100
520 5040
521 2812
521 4799
521 5392
522 2121
522 2618
522 2426
522 1702
523 2574
523 2070
523 1510
523 2064
523 5340
524 2480
524 1946
524 3356
524 3315
524 2536
525 2069
525 2622
525 4049
525 2489
525 2085
525 2706
525 3575
525 3321
525 5444
526 3161
526 1717
526 4212
526 2441
526 5237
526 5471
527 2826
527 3318
527 4182
528 3682
528 5073
529 4241
529 2135
529 2964
529 4093
529 1570
530 1880
530 2439
530 2242
531 3374
531 3206
531 5342
532 2345
532 3331
532 4472
532 4795
532 5277
532 5281
533 1536
533 1632
533 3340
533 3299
534 2747
534 4408
534 5368
535 2823
536 4564
537 1898
537 1919
537 3668
537 1640
537 2596
537 3803
538 4739
539 2254
539 2459
539 1919
539 3668
539 3426
539 4107
539 3603
539 4320
540 1965
540 3753
541 1676
541 1583
542 4797
542 4375
542 2531
543 4504
543 4532
544 3991
544 4159
544 5114
544 5365
545 1851
545 3303
545 5167
546 1841
546 2918
546 2966
547 1741
547 2003
547 2402
547 3707
548 2917
548 1756
549 1866
549 1924
549 3278
549 2284
549 5303
549 5310
550 2328
550 3334
550 4116
550 4021
550 2637
551 3232
551 3782
551 4794
551 2357
552 3326
552 4804
552 3448
552 4741
552 4773
552 3770
552 4808
553 2279
553 2389
553 2953
553 3619
553 1976
553 4855
553 4948
553 4993
553 2601
554 2997
554 3244
554 4349
554 2311
554 2489
554 5008
554 2471
554 5125
554 2693
554 3614
555 1833
555 2689
555 2408
555 1898
555 2999
555 1864
556 2817
556 3317
556 1685
557 1526
557 3429
557 3969
557 3205
557 1466
557 3341
557 1626
557 5162
557 3749
557 5480
558 5128
559 1730
559 1488
559 3889
559 2961
560 1870
560 4453
560 1525
560 5435
561 3560
561 4635
561 2065
561 2300
562 4389
562 4847
562 4989
562 5029
562 3588
563 2808
563 2995
563 3294
563 3351
563 4693
563 4744
563 5136
564 1996
564 3584
564 1579
564 3134
564 3716
564 5005
565 2173
565 2483
565 1576
566 3436
566 3966
566 5343
566 3082
567 5462
568 4683
568 5246
569 3125
569 1728
569 1756
569 3279
570 3176
570 3573
570 4138
570 3706
570 5315
571 3053
571 3463
571 4385
572 2649
573 4932
574 1613
574 2230
574 2608
574 4305
574 3419
575 1595
575 1630
575 3098
575 4686
575 5056
576 5016
576 1710
577 4318
577 3129
578 2770
578 3147
579 5334
580 1804
580 5058
581 3640
581 3607
582 3838
583 1818
584 1675
585 1675
586 4512
586 4593
586 2443
586 4420
587 1956
588 2248
588 5482
589 2837
589 3125
589 5062
590 1749
590 1469
590 3158
590 5137
590 4003
591 2093
591 2575
591 3266
591 3084
592 1695
592 3917
592 4233
592 4024
593 2727
593 3648
593 2185
594 4430
594 2725
595 2110
596 2294
596 5200
597 2289
597 3925
598 3914
598 4639
598 5244
599 2713
599 3871
599 3255
599 4068
599 2152
600 2625
600 5089
600 3740
601 1944
601 5314
601 2248
602 2640
602 2774
602 2117
602 3434
603 2388
603 4274
603 2770
603 5262
604 1682
604 4333
604 3161
604 4880
604 4202
604 2729
605 2318
605 2647
605 3587
605 4426
605 1611
606 2001
606 1796
606 3579
607 2842
607 2563
607 2353
607 3273
608 2538
608 3297
608 3881
608 3709
608 4695
608 3257
608 2405
608 3127
609 2101
609 3518
609 3604
610 3251
610 3862
610 2421
610 2291
610 2508
611 2391
611 2464
611 1642
611 2184
611 2255
611 2923
611 4979
612 1607
612 1474
612 1778
612 1913
612 3449
612 3257
612 5168
613 1980
613 3942
613 4298
613 3177
613 3736
613 2172
613 5431
614 3067
614 4317
614 2215
614 2888
614 2019
615 4169
615 4227
615 5092
615 5372
616 2349
616 2591
616 2310
616 1746
617 4011
617 3899
618 4129
618 4763
619 4483
620 1882
620 4516
621 3690
621 4731
621 3035
621 3079
622 4010
622 4368
622 4408
623 1925
624 3719
624 2781
625 2377
625 2962
625 4761
625 4352
625 5172
625 4004
626 3963
626 3871
627 2889
627 3565
627 2979
628 4659
628 4341
629 1676
630 4126
630 3482
630 3048
631 2023
631 2457
631 4552
632 1558
633 3655
633 4047
634 2814
634 2967
634 3606
634 3903
634 4557
634 4987
634 3634
634 5153
634 5221
634 5416
635 2248
636 1993
637 2186
637 5198
637 2057
638 4618
638 5259
638 4140
639 2234
639 2110
639 2450
639 1634
639 1993
640 1979
640 3249
640 2753
640 3792
640 3944
640 3632
640 2558
640 2072
641 2505
641 2574
641 3774
641 2132
641 1963
642 2580
642 3047
643 1482
643 5293
644 2884
644 5240
645 1897
645 2212
645 2752
645 2664
645 3774
646 3050
646 3155
646 4513
646 2642
647 1615
647 2314
647 2698
647 2987
647 3866
647 1856
647 3705
647 4700
648 4086
649 2571
649 3495
649 2213
650 1530
650 2267
650 4059
650 1711
651 1516
651 2620
651 2893
651 2484
652 5258
652 3243
653 3120
653 3418
653 1774
653 3461
653 3138
653 2203
654 4579
654 5040
654 4577
655 3383
655 3698
655 3742
655 3533
656 1791
656 2177
656 1934
657 2150
657 4339
658 2724
658 1522
658 3058
659 3301
659 3471
659 4853
659 4903
659 5225
659 5423
660 2652
660 4002
661 4060
661 2108
661 5079
661 4769
662 2031
662 1842
662 1567
663 2664
664 2239
664 2564
664 2771
664 2918
664 4382
664 3459
665 3718
665 1915
666 2491
666 3253
666 3852
666 3150
666 3393
666 1719
666 4985
667 3094
667 3921
667 1507
667 2645
667 2186
667 4601
667 3837
667 3201
667 4331
668 4652
669 3272
669 5476
670 2298
670 2072
670 1539
670 2377
670 4093
670 1543
670 4579
671 2969
672 2731
672 2839
672 3151
672 1524
672 3148
673 2468
673 4443
674 3101
674 3317
675 2419
675 3055
675 2756
675 3025
675 3227
675 2010
675 4663
675 2800
675 5096
675 1928
675 5294
675 4684
675 2162
676 1806
676 1850
676 1901
676 2054
676 2756
676 3055
676 3265
676 3945
676 1928
676 5294
677 3809
677 2245
677 1911
678 3235
678 4251
678 1993
679 2644
680 1758
681 3574
681 2438
682 3108
682 2472
682 4556
682 4774
682 1844
682 1493
682 2710
683 2238
683 2694
683 4609
683 4730
683 5099
684 2161
684 1531
684 4509
684 3276
685 3926
685 4500
685 4549
685 5328
686 3307
686 3339
686 3152
686 4828
686 4759
686 5336
687 2229
687 3839
687 4696
687 4918
687 4927
687 4834
688 4099
688 5333
689 3758
689 4170
690 1578
690 1870
690 3315
691 3359
691 3111
692 4006
692 4201
692 1623
692 2199
692 1663
693 2096
693 2705
693 4199
693 4165
693 1988
694 2533
694 3474
695 4602
696 3001
696 3472
697 3896
697 1719
697 4913
698 2794
698 4127
699 2806
699 4308
700 4092
700 4777
700 5450
701 1961
701 2706
701 4470
702 1816
702 3039
702 3442
702 4153
702 4332
702 4554
703 2272
703 3296
703 2374
703 4459
704 4068
704 4306
704 4515
704 5179
705 3173
705 2205
705 3863
705 3280
706 3343
706 3637
706 4768
706 4980
706 5129
707 3720
707 2226
707 4097
708 2160
708 1871
708 2077
708 4042
708 4172
708 2069
708 4746
708 3531
709 2561
709 3174
709 3479
709 4410
709 5119
709 3850
709 5405
710 1475
710 4991
711 2806
711 1979
711 2753
711 2969
712 1579
712 3124
712 1489
712 1633
713 4366
713 2973
714 1624
714 2071
714 2781
715 3410
715 2723
716 2621
716 4265
717 5173
718 4536
718 3435
719 1695
719 1709
720 4043
720 2326
720 4528
720 4395
720 2530
720 3003
720 2278
720 4213
721 3011
721 1756
721 4646
722 3850
722 3785
723 4307
723 4292
723 5037
723 5311
723 2159
724 2871
724 3751
724 3898
725 1835
725 1648
725 3249
726 4271
726 2674
726 4186
727 1605
727 3177
727 3797
727 2755
727 3538
727 2835
727 4994
728 1697
729 2111
729 4188
729 2110
729 4437
730 1630
730 3098
730 4210
731 3733
732 2432
732 2775
732 4779
732 3890
733 4678
734 5287
735 1568
735 2873
735 2536
735 2572
736 2717
736 1486
736 4927
736 2817
736 5414
737 3964
737 5469
738 3370
738 3318
738 1661
738 2619
738 1668
738 2441
738 2387
739 2932
739 4030
739 3360
739 1513
740 1650
740 2524
740 2760
740 3241
740 4120
740 1655
740 4256
740 2037
740 4377
740 3257
740 2749
740 2509
741 3336
741 2929
741 4089
741 2114
741 1511
741 1852
742 3578
742 3725
742 3821
742 5337
742 5459
743 1598
743 2928
743 4413
743 4163
743 3957
744 1675
745 2227
745 1959
745 2455
746 2852
746 4189
747 1985
747 2433
747 3662
747 4540
747 5390
747 5402
748 4714
748 2382
748 2497
749 3291
749 5271
750 1545
750 2778
751 1550
751 3328
751 3776
751 5325
752 2583
752 3678
753 1641
754 1964
754 2809
755 1485
756 2890
756 3247
756 2701
756 3448
756 2868
756 4501
757 3118
757 3770
757 5191
758 3779
758 3924
758 3226
758 1829
758 4626
758 2733
758 2044
758 4505
759 1915
759 3521
759 3213
759 3816
759 4398
759 5108
760 1641
760 2623
760 3135
760 3526
760 4290
760 2354
760 1508
760 3361
761 2355
761 3446
761 3600
761 3712
761 4798
761 4837
761 2908
762 2175
762 2643
762 4892
763 2087
763 3723
763 3659
763 2799
763 3010
764 2629
764 3469
764 3906
764 4296
764 2310
764 3023
765 3005
765 5103
766 1658
767 3412
767 3485
768 1534
768 2444
768 3651
768 2208
768 2606
768 5104
768 3548
769 2403
769 2404
769 2712
769 1527
769 4498
770 3579
770 3484
771 3394
772 1620
772 2485
773 4668
773 4780
773 4825
774 2211
774 2988
774 3268
774 3404
774 3669
774 1614
774 4335
774 1924
774 5106
775 2172
775 2572
775 4582
775 2820
776 3697
777 2348
777 3848
777 3902
777 4854
777 5483
778 1559
778 1812
778 1474
778 2632
779 2366
779 1557
780 1772
780 1830
780 3497
781 1662
781 5143
781 5428
782 1743
782 1883
782 1757
783 2005
783 2073
783 4968
783 2165
784 2276
784 4699
784 4835
784 4388
785 3159
786 3763
786 2036
786 2758
786 5467
787 2758
787 3476
787 2117
787 4136
788 2707
788 2951
789 2190
789 3305
789 3401
790 4517
790 3188
790 4831
790 2626
790 4976
790 1623
791 1561
791 3580
791 5269
792 3633
792 2330
792 5238
792 5279
793 3732
793 3746
793 3189
793 5440
793 5224
794 2632
794 2556
794 3604
794 4665
794 3186
794 2128
794 5353
794 3333
795 1719
795 3452
795 1670
795 2309
796 3489
796 3499
797 2819
797 3522
797 4078
797 3583
797 4633
797 3078
798 2329
798 4541
798 5090
798 2030
799 1674
799 1563
799 3088
799 2722
799 2542
800 2396
800 1996
800 4336
800 2282
801 1831
801 2107
801 1828
801 2418
802 1713
802 3978
802 4454
803 1678
803 4124
803 4281
803 3692
803 4186
804 2385
804 3376
804 4482
804 1992
805 2891
805 4145
806 1783
806 2246
806 1593
806 4148
806 4030
806 4667
806 3126
806 5231
807 1870
807 1497
807 2097
807 1487
808 3524
808 3205
808 1466
808 4824
808 3538
809 2866
809 1954
809 3371
809 1849
809 4103
809 4478
809 3015
810 3616
810 2324
810 4231
810 5120
811 1668
811 2855
811 2754
811 2879
811 1597
811 3510
811 3933
811 3244
811 1842
811 4844
811 5223
811 2398
811 3880
812 4725
813 3286
813 4321
813 3923
814 1485
815 4404
815 2151
816 4561
817 2285
817 3928
818 4480
819 1829
819 3750
819 2771
820 4747
820 5433
821 1694
821 2969
821 2552
821 3670
822 4135
822 3427
822 4372
823 2516
823 4628
823 3727
824 1799
824 3660
824 2252
824 3148
825 1566
825 1703
825 3069
825 4395
825 3183
825 1709
826 1779
826 4465
826 4634
826 5181
827 4273
827 1500
828 2164
828 2322
828 2147
828 4118
828 4651
828 5134
829 1738
829 4425
829 2475
829 4926
829 2886
830 4611
830 2211
830 2113
830 2603
831 4669
831 1983
832 2033
832 3022
832 2301
832 4297
832 5002
833 3141
833 2245
834 2897
834 4090
834 4263
834 2389
834 4957
834 4019
834 5150
835 1789
835 1577
835 1555
835 2166
835 3552
835 2310
836 1570
836 3558
836 4894
836 2195
837 2800
837 3764
837 2346
838 2707
838 4637
839 2105
839 2676
839 3375
839 1981
840 3664
840 4365
840 1468
840 2675
841 1814
841 5275
842 2363
842 3132
842 2729
842 4259
842 1513
842 1768
842 5066
843 1622
843 4490
843 1606
844 1886
844 3382
844 4168
844 2369
845 3382
845 4168
845 2369
845 5319
846 5006
846 2948
846 4357
847 1976
847 3145
847 3590
847 1600
847 2739
847 1750
847 1596
847 4790
847 4277
847 1949
848 4846
848 1969
849 1827
849 3070
849 3438
849 1890
849 2678
849 2807
850 2454
850 3602
850 2671
850 3620
850 4596
850 1782
850 3504
850 2781
850 1972
851 3591
852 3222
852 4412
853 2776
853 4405
853 3906
853 3304
854 2131
854 2255
854 4340
854 4327
854 3592
854 1925
855 3566
855 2497
855 1955
855 1864
856 1696
856 4400
856 2341
856 4711
856 3436
857 5381
858 1469
858 3893
859 2126
859 4020
860 2248
860 4767
861 1900
861 3595
861 4881
862 3381
862 5395
863 1556
863 1685
863 2863
863 3101
863 5209
864 2602
864 5316
865 2532
865 4597
865 4410
866 1465
866 4929
866 5196
867 2347
867 4674
867 4622
868 4285
868 4622
868 4776
868 4870
868 4674
868 5290
869 3368
869 3406
870 1606
870 1656
870 3259
871 3242
871 3115
872 2161
872 4366
872 1999
872 3087
873 2582
873 3760
873 4571
873 2678
874 3770
874 2778
875 3835
875 3770
875 3118
876 2180
876 2427
876 5305
876 3081
877 3018
878 2122
878 4275
878 4037
879 1834
879 2868
880 4477
881 1709
881 2829
881 1740
881 4257
881 4379
881 5206
882 3204
883 2700
883 2855
883 3358
883 1919
883 1991
883 3803
883 1609
884 2916
884 3610
884 3739
884 4276
884 4267
884 4698
884 4800
884 4695
885 1991
885 2800
885 3226
885 3136
885 1962
885 3451
885 3414
886 4415
886 2242
886 2018
887 1469
887 1476
888 2728
888 1511
888 3362
888 3985
889 5187
889 3293
889 5264
889 5274
889 1557
889 5007
890 1950
890 4108
890 4581
890 5276
890 5374
891 2933
891 4270
891 4303
891 4299
892 2244
892 2076
892 3248
893 5322
894 2248
894 3330
895 1565
895 1928
895 2253
895 3263
895 3510
895 5184
895 5189
896 1603
897 1998
897 1886
897 3781
898 4574
898 3322
898 1514
899 3706
899 1625
899 1470
900 2212
900 3354
900 1589
900 2437
900 2186
900 3773
901 2709
901 3919
902 3021
902 4305
902 4781
902 2608
903 1714
903 2504
903 2576
903 3384
903 2718
903 4723
903 4902
903 5043
903 2141
904 3845
905 4904
906 2823
906 2794
907 3168
907 3778
907 3443
908 2597
908 1656
908 1695
909 2360
909 2627
909 3170
909 3429
909 3629
909 2027
909 1948
909 2717
910 2914
910 3126
910 1692
910 3715
911 1692
911 2914
911 1597
911 4222
911 2335
911 2273
911 3715
911 3907
911 2822
912 2982
912 3817
912 2537
913 2153
913 4547
914 1823
914 3981
914 1940
914 3335
914 5247
914 3906
915 3650
915 3761
915 4606
916 1638
916 4541
916 4952
916 3255
917 4939
917 2892
918 2208
918 3671
918 3548
918 4918
919 2655
919 4975
920 4442
920 1820
921 3171
921 4671
921 1895
921 1966
921 5393
922 3425
922 4205
923 3844
923 4295
923 4374
923 4775
923 4851
923 5403
924 2193
924 1823
924 2519
925 2025
925 2010
925 1829
925 2699
925 4914
925 2985
925 1693
926 1668
926 4677
926 5022
926 2568
926 3142
927 3363
928 3388
928 2085
928 3360
929 1973
929 3278
929 1733
929 4017
929 5018
929 5234
929 4040
930 3113
930 4173
930 5399
931 3100
931 2687
932 2780
932 3865
932 4589
933 2597
933 3388
933 4226
934 2139
935 2309
935 2110
935 1491
935 1993
936 1838
936 2122
936 3495
937 4538
937 4347
938 3097
938 1559
938 4096
938 3218
938 4632
938 3951
938 4939
938 5318
939 2357
939 1836
940 2699
940 4995
940 5012
940 5157
941 2639
941 2836
941 2026
941 4909
941 1565
941 3587
942 2511
942 3181
942 3783
942 3870
942 4519
942 4791
942 3449
942 5442
943 1731
943 3192
943 3244
943 2331
943 4657
943 1963
943 5313
944 2187
945 4249
945 4673
945 2497
946 2357
946 4001
946 1992
947 3306
947 4258
947 1667
947 2824
947 2263
947 4455
947 1909
948 2228
948 2499
948 4003
948 1469
948 2148
949 3453
950 3099
950 3308
950 3970
950 3999
950 2442
950 4822
950 2425
950 1852
950 5417
951 2032
951 4238
951 4720
951 4935
952 3586
953 3932
953 3354
953 1603
954 3647
954 3030
955 2490
955 3694
955 1940
955 4620
955 3164
956 1504
956 5171
956 2997
957 1527
957 3506
957 4636
957 2329
957 5317
957 5432
958 3315
958 1870
958 3745
958 3356
959 2014
959 3032
959 4542
959 2784
960 1494
960 3027
960 2747
961 3070
961 3743
961 2479
961 2197
962 2552
962 3228
962 2178
963 3859
963 1514
963 3443
963 5177
964 3418
964 2818
964 4128
964 3766
964 2394
964 2167
964 3892
965 2067
965 2405
965 3133
965 4194
965 4325
965 4066
965 1745
966 3240
966 4750
967 4692
967 4706
968 3423
968 3257
968 3398
968 3938
968 5111
968 4331
968 3892
968 1995
969 3556
969 3258
969 5256
970 2656
970 4684
970 2722
971 2011
971 4191
972 1682
972 1591
972 2824
972 3906
972 3257
972 4207
972 5077
973 4883
973 4971
973 4230
974 1639
974 2832
974 3687
974 3722
974 1865
974 5053
975 3545
975 3761
975 4418
976 2793
976 4125
977 3437
977 4813
977 2422
978 3205
978 1594
978 2059
979 2312
979 2704
980 2740
980 4716
980 3505
980 2202
981 1862
982 1847
982 2220
982 2506
982 3231
982 2958
982 3056
982 3918
982 4214
982 4409
982 1853
982 3775
982 2084
982 5110
982 5170
982 5251
982 4948
983 1500
983 2309
983 1702
984 2368
984 2333
984 2760
984 3378
984 4803
984 2386
985 2688
985 1813
985 3608
985 4039
985 2412
986 3516
987 1983
987 3281
987 5183
988 1889
988 3422
989 3012
989 1827
989 1709
990 1945
991 2156
991 2660
991 2898
992 2179
992 1719
992 3496
993 2001
993 4829
993 1855
994 1477
994 4751
994 1729
994 2500
995 1481
995 3885
995 2614
995 4917
996 2594
996 2532
996 3812
996 4062
997 3345
997 4190
997 4770
997 4943
997 3548
997 5209
998 3745
998 1870
998 3456
999 3878
999 1500
999 3667
1000 2989
1000 4289
1000 4348
1000 1986
1001 1578
1001 1870
1001 2862
1001 2482
1001 4617
1001 1837
1002 3530
1003 4073
1003 4814
1003 1576
1003 4562
1004 3153
1004 3169
1004 3261
1004 3264
1004 1573
1004 4003
1004 5297
1005 2847
1005 4096
1005 2990
1005 1809
1005 3761
1005 2330
1006 2911
1006 1500
1006 4726
1006 1710
1007 4491
1008 3769
1008 1871
1008 1850
1009 4578
1010 2309
1010 2768
1010 3550
1010 3048
1010 4196
1010 1836
1010 1918
1010 5254
1011 2058
1011 2361
1011 5035
1012 3968
1012 1491
1013 4083
1013 2110
1014 2539
1014 2545
1014 3061
1014 1773
1014 1729
1015 4268
1015 2685
1015 1656
1016 3362
1016 3750
1017 3028
1018 1879
1018 4457
1018 2234
1019 4064
1020 2636
1020 5319
1021 3502
1021 4031
1021 2828
1021 4881
1021 5024
1021 2423
1022 3913
1022 4023
1022 4367
1022 2465
1022 3738
1022 5321
1023 2226
1023 2323
1024 1702
1024 4193
1024 5411
1025 1648
1025 1769
1025 2117
1025 2410
1025 3112
1025 4142
1025 4705
1025 2882
1026 2109
1026 4613
1027 2462
1027 4311
1027 3281
1028 1874
1028 3468
1029 2183
1029 2358
1029 4093
1029 1817
1029 5075
1029 1505
1029 2195
1030 2058
1030 2142
1030 1724
1030 2226
1030 1656
1030 2110
1030 2309
1031 4462
1031 5034
1031 3977
1032 2785
1032 3990
1032 4494
1033 1517
1033 3811
1033 3490
1033 2296
1034 2790
1034 4236
1034 4361
1035 2050
1035 2189
1035 5226
1036 5332
1037 2170
1038 2650
1038 3219
1038 1844
1039 3665
1039 4009
1039 5124
1040 2038
1040 3460
1040 2041
1041 3758
1041 5425
1042 1491
1042 3594
1042 4931
1042 2110
1043 1491
1043 1702
1044 1589
1044 4612
1044 2327
1044 3945
1044 1726
1045 2286
1045 2528
1046 3287
1046 3933
1046 2259
1046 4905
1046 5438
1047 1695
1047 3974
1047 4895
1047 3867
1048 1709
1049 3876
1049 4063
1049 3448
1049 3042
1049 2280
1049 4630
1050 1886
1050 3800
1050 4829
1051 2081
1051 3909
1052 3696
1052 3147
1052 2249
1052 5165
1053 5424
1054 1780
1054 2497
1054 3357
1055 4444
1055 5255
1055 4475
1056 2831
1056 2881
1056 5382
1057 1873
1057 4772
1057 2502
1057 5278
1058 1666
1058 2937
1058 4964
1058 3395
1059 2249
1059 2994
1059 4279
1059 4700
1059 4712
1059 5003
1059 5028
1060 2367
1060 4555
1060 3786
1060 5013
1061 3820
1062 2927
1062 2232
1063 2469
1064 2099
1064 3418
1064 4463
1064 4936
1064 1876
1064 5027
1065 1586
1065 3507
1065 3873
1065 4531
1065 5283
1065 5330
1066 3285
1066 4326
1066 2475
1066 3576
1066 2090
1066 4398
1067 2083
1067 2673
1067 3498
1067 1926
1067 4944
1068 3262
1068 4323
1068 4051
1069 1893
1069 3823
1069 4328
1069 4735
1070 1709
1070 3355
1070 4181
1070 5095
1070 4605
1071 1491
1071 3043
1071 2970
1072 1565
1073 2680
1073 3103
1073 3417
1073 4584
1073 1793
1074 2672
1074 4141
1074 5194
1074 5441
1075 1702
1075 2309
1075 1491
1075 1500
1076 3780
1076 2706
1076 4727
1076 3615
1077 3659
1077 2110
1077 4474
1077 4544
1078 2978
1078 3332
1078 3467
1078 4685
1079 2068
1079 2738
1079 2886
1079 3451
1080 2144
1080 2127
1080 4232
1080 4468
1080 4954
1080 2737
1080 3483
1081 3478
1081 5465
1082 4447
1082 5147
1083 1687
1083 1693
1083 2549
1083 2534
1083 3813
1083 1584
1084 3060
1084 1709
1084 4007
1084 1695
1085 2075
1085 4392
1085 5038
1086 2497
1086 2133
1086 1740
1086 2201
1086 5359
1086 5406
1087 2750
1087 2461
1088 2473
1088 2735
1088 2110
1088 5085
1088 4884
1089 1737
1089 2394
1089 2800
1089 4724
1089 2040
1089 4950
1090 2382
1090 3808
1090 4616
1090 3369
1090 5190
1091 4749
1091 2941
1091 4010
1092 2313
1092 2057
1092 2597
1092 1527
1092 2231
1092 2484
1092 2882
1093 3621
1093 5127
1094 2509
1094 4396
1094 1527
1094 3133
1094 4246
1095 1736
1095 3298
1095 2563
1095 4053
1095 2833
1095 1804
1096 2234
1096 1581
1097 3109
1097 2497
1098 1491
1098 4507
1099 2562
1099 1709
1100 1958
1100 3346
1100 3198
1100 5015
1100 5182
1101 1688
1101 1878
1101 1925
1101 2018
1101 2522
1101 3047
1101 2956
1101 3194
1101 1636
1101 1840
1101 2188
1101 3133
1102 2965
1102 3806
1102 5420
1103 1719
1103 3932
1103 3882
1103 1835
1103 3695
1104 2900
1104 4832
1104 2153
1105 2128
1105 2395
1105 2671
1105 2379
1105 3328
1105 2221
1105 1803
1105 5410
1106 3986
1106 2090
1106 3920
1106 1557
1106 5059
1107 5312
1108 4330
1108 5470
1109 3976
1109 4161
1109 5145
1110 3652
1110 3306
1110 4661
1111 1704
1111 1707
1111 2838
1111 3777
1111 1854
1111 1665
1112 2989
1112 3066
1112 3923
1112 3950
1112 2748
1112 3380
1112 5346
1113 2094
1113 3734
1113 1627
1113 2510
1114 2283
1114 1904
1114 3704
1114 1596
1114 3587
1114 5176
1114 1852
1115 4262
1115 5060
1115 3628
1116 2859
1116 5202
1117 1896
1117 2744
1117 2992
1117 4719
1118 1875
1118 3784
1118 2762
1118 2558
1118 2075
1119 3359
1119 3561
1119 3131
1119 2950
1119 2778
1119 4554
1119 5475
1120 3054
1121 3075
1121 3717
1121 5237
1122 1509
1122 2975
1123 2508
1123 2751
1123 2537
1123 3066
1123 4992
1124 2369
1124 1570
1124 2362
1124 2483
1125 2789
1125 3391
1126 2426
1126 1993
1126 3487
1126 2058
1126 2110
1126 2131
1127 2252
1127 4476
1127 2594
1128 2380
1128 3281
1129 1820
1129 3207
1129 4431
1130 1709
1130 3759
1130 3154
1130 1695
1130 1807
1131 2611
1131 4228
1131 4381
1131 1996
1131 3836
1131 3133
1132 1736
1132 2609
1132 3515
1132 4740
1132 1911
1133 2883
1134 2334
1134 3790
1134 1747
1134 4647
1134 4721
1134 1862
1134 4419
1135 3031
1135 4550
1135 4254
1135 4868
1136 1903
1136 2684
1136 2109
1136 5192
1136 5349
1136 3912
1136 3986
1137 3200
1137 3536
1137 3803
1137 2026
1137 5020
1138 3597
1139 1785
1139 5398
1140 1744
1140 1756
1140 4820
1140 4996
1141 1500
1141 2058
1141 2943
1142 1592
1142 3520
1142 3946
1142 4217
1142 1939
1143 1951
1143 2798
1143 2971
1143 4920
1143 5273
1143 5448
1144 1904
1144 3833
1144 3134
1144 4742
1144 5163
1145 1538
1146 2181
1146 3396
1146 4925
1147 3068
1148 2949
1148 4408
1148 5130
1148 2091
1149 2712
1149 4575
1149 5100
1150 3363
1151 2980
1151 3131
1151 1554
1151 4917
1151 4337
1152 2281
1152 4421
1152 4755
1153 2743
1153 5047
1153 4735
1154 1478
1154 1709
1154 1695
1154 4818
1154 1574
1155 4907
1155 5338
1156 1894
1156 3534
1156 4450
1156 3131
1156 2295
1157 1877
1157 3930
1157 4839
1158 2329
1158 3464
1158 4864
1158 4966
1158 3684
1158 5232
1158 1656
1159 1960
1159 2714
1159 1492
1159 4204
1159 3513
1159 3229
1159 2008
1159 3669
1159 3362
1160 1715
1161 1705
1161 2691
1161 3537
1161 4930
1162 4572
1162 4756
1163 1712
1164 1656
1164 2618
1165 2426
1165 1500
1165 5266
1166 1765
1166 4282
1167 3185
1167 3415
1167 4748
1168 2137
1168 4520
1168 3149
1169 2440
1169 3140
1169 3997
1170 1929
1170 4253
1170 4576
1170 3436
1170 5010
1170 1541
1171 1870
1171 1988
1172 4105
1172 4703
1173 2290
1173 3943
1173 5057
1174 2002
1174 3092
1174 4287
1174 4586
1174 4206
1175 3425
1175 3049
1176 2090
1176 2109
1176 2231
1176 4326
1177 3592
1177 1709
1177 3724
1177 4727
1177 5426
1177 3815
1178 1546
1178 2678
1178 4603
1178 1867
1178 4358
1178 4915
1178 3102
1179 2697
1179 4655
1180 2566
1180 3220
1180 1830
1180 1469
1180 1476
1180 4294
1181 2344
1181 3947
1181 3327
1182 1771
1182 4304
1182 4928
1183 4284
1184 2009
1184 2733
1184 4137
1184 4150
1184 4249
1184 1859
1185 5249
1186 1815
1186 2569
1186 2570
1186 2772
1186 2879
1186 2855
1186 2011
1186 1553
1186 3325
1186 3572
1186 1943
1186 5335
1186 1627
1187 1539
1187 3626
1187 3683
1187 4055
1187 4733
1187 3049
1187 5215
1187 5263
1188 2921
1188 1624
1188 2677
1188 2882
1189 2833
1189 2153
1189 5174
1189 2563
1190 1547
1190 2225
1190 4471
1190 2372
1190 1638
1190 1567
1190 4263
1190 2330
1191 2224
1191 1766
1192 3212
1192 1500
1192 3868
1193 3541
1193 4245
1193 4937
1193 1604
1194 1570
1194 4032
1195 2550
1195 4357
1195 1505
1195 3114
1195 4923
1195 1891
1195 2218
1195 4733
1195 2503
1196 5327
1196 1680
1197 3786
1197 1491
1198 1709
1198 3060
1198 4618
1199 2804
1200 2429
1200 3831
1201 2406
1201 1491
1202 4104
1202 3060
1202 1500
1203 1543
1203 2610
1203 3666
1203 4624
1203 4836
1203 2424
1204 2764
1204 3744
1204 4608
1204 3949
1205 3673
1205 4139
1205 4175
1205 4842
1205 5309
1205 5478
1206 5419
1207 1983
1207 5205
1208 2095
1208 2359
1209 1656
1209 2146
1209 2104
1209 1500
1210 4300
1210 4623
1210 1792
1211 3106
1211 2974
1211 4436
1211 4785
1212 3496
1212 1893
1212 3890
1212 4492
1213 3462
1213 3503
1213 4446
1213 4953
1213 4901
1213 3233
1213 1604
1214 4412
1214 2529
1214 3222
1215 2487
1215 4133
1215 5339
1216 1914
1216 1983
1216 1538
1216 2338
1216 2370
1216 1888
1216 3224
1216 3785
1216 2191
1216 3641
1216 1718
1217 2138
1217 1564
1218 3162
1219 2919
1219 4140
1219 5468
1220 2326
1220 4058
1220 2526
1220 2690
1221 3986
1221 1616
1221 5059
1221 3920
1222 2158
1222 2401
1222 3791
1222 3927
1222 1709
1222 5097
1222 1500
1222 3793
1223 3770
1223 3835
1224 3285
1224 1491
1224 3314
1225 3249
1225 2706
1225 3197
1225 2461
1226 2001
1226 3112
1226 2153
1226 2118
1226 4278
1226 2674
1226 2959
1226 2783
1226 1670
1227 1684
1227 3904
1227 2075
1227 3342
1227 4461
1228 2159
1228 3929
1228 4216
1228 4553
1228 4549
1228 2938
1228 2310
1228 5456
1229 1629
1229 2711
1229 2169
1229 3915
1230 1787
1230 4322
1230 4414
1230 2740
1230 2669
1230 4942
1230 5130
1231 2417
1231 3547
1231 3681
1231 4614
1231 4541
1231 1682
1232 2528
1232 2667
1233 2243
1233 3310
1233 3224
1233 4424
1233 4473
1233 4642
1233 4833
1233 3657
1233 5384
1234 2605
1234 3463
1234 2403
1234 5140
1234 3095
1235 1520
1235 2021
1235 2585
1235 1479
1235 3705
1235 4488
1235 3454
1235 4888
1235 4982
1235 3585
1235 2118
1235 5280
1235 5396
1236 3982
1236 4568
1237 2947
1237 3290
1237 3060
1237 4360
1237 2391
1238 1468
1238 4429
1238 5049
1238 3884
1238 5360
1239 1871
1239 3411
1239 3954
1239 3421
1239 2159
1239 4644
1239 2437
1239 2959
1239 3157
1239 4764
1240 3289
1240 2488
1240 1830
1240 1772
1241 1649
1241 1908
1241 3674
1241 4591
1241 2849
1241 4376
1242 1679
1242 2484
1242 1592
1242 3946
1242 1734
1243 3387
1243 3959
1243 3532
1244 2801
1244 2883
1245 3329
1245 3663
1245 4898
1245 5155
1246 1782
1246 3615
1246 2557
1246 4681
1246 2780
1247 5249
1248 3223
1248 2457
1249 1921
1249 1734
1250 2116
1250 2328
1250 2523
1250 5400
1250 2110
1251 1695
1251 2829
1251 3623
1251 5228
1252 2651
1252 5212
1253 1795
1254 3193
1254 3302
1254 2283
1254 3386
1254 2623
1254 2352
1254 2063
1255 1883
1255 3596
1255 3757
1255 1815
1255 3526
1255 3853
1256 3922
1257 2442
1257 3377
1257 1806
1257 3514
1257 3699
1257 4343
1257 2562
1257 4762
1257 5219
1258 2258
1258 1513
1258 1560
1258 1804
1258 4029
1258 2521
1258 2549
1258 1573
1259 2846
1259 2235
1259 2100
1259 3700
1259 2887
1259 4879
1259 4508
1259 5156
1260 3480
1260 4077
1260 4535
1261 1554
1261 2049
1262 2174
1262 1975
1262 4983
1263 2143
1263 1709
1263 1695
1264 2923
1264 4005
1264 4225
1264 4493
1264 4057
1264 2205
1264 4497
1265 2222
1265 3911
1265 2073
1265 4225
1266 4862
1267 2598
1267 4158
1267 4457
1267 5123
1267 5364
1268 1992
1268 3679
1268 2012
1269 4588
1269 4856
1269 4569
1270 1518
1270 2075
1270 2762
1270 5241
1271 1990
1271 2407
1272 3575
1272 1573
1272 4416
1273 3947
1273 1965
1273 5088
1273 3239
1274 1664
1274 4353
1274 2794
1275 2136
1275 2656
1275 1872
1275 2505
1276 3960
1276 4149
1276 4264
1276 5445
1277 2350
1277 2526
1278 2302
1278 1859
1278 1647
1278 1511
1278 5037
1279 2386
1279 1930
1279 2960
1279 1624
1280 2883
1280 4708
1281 2323
1281 3283
1281 3720
1281 4600
1281 3139
1281 4134
1281 4097
1282 2851
1282 3092
1282 3257
1282 2512
1283 1689
1283 3617
1283 4178
1283 4598
1284 1660
1284 1695
1284 4580
1284 1709
1285 2915
1285 3726
1285 3832
1285 3847
1286 3179
1286 1777
1286 2983
1286 5447
1287 1515
1288 4235
1288 5436
1289 3048
1289 3482
1289 2129
1289 4111
1290 1489
1290 2219
1290 2742
1290 4503
1290 4507
1290 4097
1291 1824
1291 4097
1291 2742
1291 4858
1291 5376
1292 3721
1292 3494
1292 3932
1293 1781
1293 1952
1293 2741
1293 2188
1293 3393
1294 3314
1294 1491
1294 3234
1295 4753
1296 2996
1296 2845
1296 2824
1296 4505
1296 2387
1296 5235
1296 1829
1297 1515
1297 2696
1297 3134
1297 2281
1297 4272
1297 4197
1297 1971
1297 1674
1298 4079
1298 4648
1298 4704
1298 2844
1298 5175
1298 2695
1298 3995
1299 2120
1299 1542
1299 1573
1300 2577
1300 2859
1301 2642
1301 1733
1301 4919
1301 2218
1302 2843
1302 4046
1302 3533
1302 5282
1303 4075
1303 2256
1303 2245
1303 3087
1303 5370
1304 4841
1304 5126
1304 3595
1305 3096
1305 3440
1305 4224
1305 4464
1305 3037
1305 1763
1305 4873
1305 4875
1305 4882
1306 2062
1306 1923
1307 3883
1307 4051
1307 4084
1307 4560
1307 5159
1307 1815
1307 5313
1308 1500
1308 3834
1308 4745
1308 4867
1309 4502
1309 4702
1309 1500
1310 3029
1310 3364
1310 3653
1310 1736
1311 1923
1311 4535
1312 3264
1312 3164
1312 2291
1313 3330
1313 3851
1313 4823
1314 1654
1314 2431
1314 2198
1314 3754
1315 2134
1315 2573
1315 3601
1315 1709
1315 4288
1316 2127
1316 2815
1316 4353
1317 2328
1317 3465
1317 2989
1318 3861
1318 4114
1318 1496
1318 4998
1319 3753
1320 2666
1321 3645
1321 3285
1321 1993
1321 4861
1321 1742
1322 2091
1322 1695
1322 1897
1322 2399
1323 1882
1324 2573
1324 1478
1324 4448
1324 1755
1324 2196
1324 2610
1325 1939
1325 3247
1325 3062
1325 3519
1326 1508
1326 3762
1326 4645
1326 4679
1326 5380
1326 5454
1327 1881
1327 4840
1327 2904
1328 1899
1329 3348
1329 2217
1329 2791
1329 2998
1330 2463
1330 3680
1330 4384
1330 1703
1330 3718
1331 2461
1331 3433
1331 4514
1331 3955
1331 4309
1332 3225
1332 3937
1332 4026
1332 1576
1332 3065
1332 3430
1333 4621
1334 1865
1334 2426
1334 2154
1334 2731
1334 2340
1334 3465
1335 1709
1335 3015
1335 3077
1335 3972
1335 5379
1336 1557
1337 1711
1338 1486
1338 2297
1338 1598
1338 2592
1338 3345
1338 1534
1338 1832
1339 1534
1339 2976
1339 5019
1339 3649
1339 5209
1339 5301
1339 5449
1340 3605
1340 1967
1340 5138
1340 5014
1340 4301
1341 1991
1341 3313
1341 3461
1341 3051
1341 3105
1341 3227
1342 2170
1343 2811
1343 2993
1343 1558
1343 3555
1344 2749
1344 1627
1344 4346
1345 2604
1345 2945
1345 3840
1345 3895
1345 4164
1345 4218
1345 4631
1345 4660
1345 1922
1345 2669
1345 5324
1345 5327
1346 2241
1346 4101
1346 2251
1346 4371
1346 5112
1347 1582
1347 1773
1347 1756
1347 4955
1348 2656
1348 2769
1348 3195
1348 2706
1348 2216
1348 1513
1348 1597
1349 1498
1349 1528
1349 2954
1349 2540
1350 2056
1350 3562
1350 5354
1351 2841
1351 2135
1352 2020
1352 2613
1353 3598
1353 4162
1353 4334
1353 5063
1353 5245
1354 1724
1354 2319
1354 3486
1354 3941
1354 3254
1354 2325
1354 5210
1354 5211
1354 5451
1355 1720
1355 2653
1355 2876
1355 2412
1356 2858
1356 3765
1356 2628
1356 4112
1356 4310
1356 4658
1356 1527
1356 2620
1356 4572
1356 2701
1357 2221
1357 3656
1357 4314
1358 2103
1358 4014
1358 3567
1359 1891
1359 1695
1359 1762
1359 5017
1360 4076
1360 3320
1360 4373
1361 1970
1361 2849
1361 1802
1362 1698
1362 2633
1362 3609
1362 2378
1362 2664
1362 1976
1362 3971
1362 4885
1362 4526
1362 3157
1363 1895
1363 1478
1363 1709
1363 1477
1363 3627
1364 2321
1364 4045
1364 2708
1365 1472
1365 2265
1365 3500
1365 4154
1365 4533
1365 4877
1366 1857
1366 3256
1366 1805
1366 3770
1366 4852
1367 4035
1367 5064
1368 3931
1368 3995
1368 2681
1368 1743
1369 2946
1369 4397
1369 4406
1370 4650
1370 4965
1371 1717
1371 3872
1371 4122
1371 2099
1372 2477
1372 1959
1372 2172
1372 4008
1372 4298
1372 3177
1372 4087
1372 2848
1373 4167
1374 1522
1374 2566
1374 1794
1374 1549
1375 2678
1375 1496
1375 5401
1376 1754
1376 2729
1376 1542
1376 2199
1376 4598
1376 1721
1376 4166
1377 2196
1377 1658
1377 3858
1377 4534
1378 1500
1379 1887
1379 1957
1379 1830
1379 1772
1379 3432
1379 2746
1379 2048
1380 3543
1380 4479
1380 4529
1380 5229
1380 1695
1380 2981
1381 1610
1381 3393
1381 4363
1381 3132
1381 4070
1381 1814
1382 2150
1382 4339
1383 3544
1383 3210
1383 3912
1383 4715
1383 3271
1383 5306
1384 1686
1384 1768
1384 2070
1384 4857
1384 1665
1384 1774
1385 4879
1386 2346
1386 3557
1386 4947
1387 1774
1387 3255
1387 3057
1388 1470
1388 3909
1388 4666
1388 1768
1388 3708
1388 1682
1388 5080
1389 2270
1389 2558
1389 2387
1390 1548
1390 5152
1391 4369
1391 5091
1392 1635
1392 2375
1393 3546
1394 3856
1394 4240
1394 5036
1394 5065
1394 5133
1394 1833
1394 4738
1395 2572
1395 3589
1395 1497
1395 4184
1396 1486
1396 2269
1396 2972
1396 3045
1396 3634
1396 3741
1396 3074
1396 3130
1397 2482
1397 2043
1397 4640
1397 2343
1398 3799
1398 3828
1398 5463
1399 2877
1399 2652
1400 1988
1400 4380
1400 2390
1400 1497
1401 3003
1401 4946
1402 4879
1403 5107
1404 4729
1404 4904
1404 2981
1404 3768
1405 2458
1405 3625
1405 1486
1405 2269
1405 4160
1406 2547
1406 1652
1406 1776
1406 2041
1406 3970
1407 1645
1408 3333
1408 2692
1409 1675
1410 3847
1410 5118
1410 5464
1411 2853
1411 3822
1411 2931
1411 2559
1412 4211
1412 5158
1412 2304
1413 2086
1413 4456
1413 3781
1413 2522
1413 4067
1414 2165
1414 3860
1415 1941
1415 3801
1415 1490
1416 2778
1416 4388
1416 5362
1417 2309
1417 2000
1418 5042
1419 1688
1419 2218
1419 2491
1419 3992
1420 2521
1420 3360
1421 2669
1421 5404
1421 1787
1422 3428
1422 3854
1422 4610
1422 2408
1423 2453
1423 4595
1423 5347
1423 5075
1424 3091
1424 3319
1424 4237
1424 4467
1424 2541
1425 3487
1425 2058
1425 3577
1426 2977
1426 3457
1426 4463
1427 1621
1427 1822
1427 4109
1427 4362
1427 3104
1427 2667
1428 1725
1428 1491
1428 4604
1428 4662
1429 4432
1429 4860
1429 1808
1429 1719
1430 1784
1430 2434
1430 2017
1430 2217
1430 2371
1430 5044
1430 5329
1430 3763
1431 2392
1431 3123
1431 4607
1432 1587
1432 3086
1432 3254
1432 4253
1432 5000
1432 4897
1432 5466
1432 2902
1433 2930
1433 2515
1434 2013
1434 4111
1434 1915
1435 3195
1435 3962
1435 3337
1435 3891
1435 4085
1436 2022
1437 3523
1437 3965
1437 4826
1438 1861
1438 3711
1438 4155
1439 4941
1439 2883
1440 2607
1440 4871
1440 4405
1440 5474
1441 2860
1441 2341
1441 4912
1441 3144
1442 3766
1442 3304
1442 2141
1442 4207
1442 3602
1442 2124
1442 3424
1442 1862
1443 1902
1443 2913
1444 2693
1444 2060
1444 1893
1444 4012
1444 2310
1444 1533
1445 2301
1446 2223
1446 2788
1446 3074
1446 3178
1446 1936
1446 4627
1446 4759
1446 5030
1447 2546
1447 3949
1447 2734
1447 3617
1448 2940
1448 1501
1449 1530
1449 4022
1449 3984
1449 4495
1449 4269
1449 2335
1449 5413
1450 1588
1450 2558
1450 2732
1450 1687
1450 3508
1450 3953
1450 4315
1450 3360
1450 3977
1451 1567
1451 1762
1451 1747
1451 1495
1451 1729
1451 4324
1451 2589
1451 2251
1451 1859
1451 1997
1452 3279
1452 2939
1452 4252
1452 1511
1452 5204
1453 2373
1453 2435
1453 4417
1453 4736
1453 5270
1454 5358
1455 3416
1455 4176
1455 1626
1455 4810
1455 4587
1455 5230
1455 5388
1456 2885
1456 1513
1456 4351
1457 5386
1458 3117
1458 3026
1458 2169
1459 3087
1459 1482
1459 2191
1459 4366
1460 1845
1460 3813
1460 2071
1460 2631
1461 2127
1461 4130
1461 4069
1461 1884
1462 3352
1463 1808
1463 2702
1463 4754
1463 5161
1464 3658
1464 4938
0 6502
1 5545
2 5580
3 6453
4 6026
5 6389
6 5681
7 5528
8 5658
9 6383
10 5517
11 6130
12 6294
13 6352
14 5574
15 6422
16 5898
17 5512
18 5624
19 6005
20 5912
21 6528
22 5617
23 6010
24 6505
25 6503
26 6479
27 5888
28 5856
29 6501
30 5883
30 6093
31 6190
32 6134
33 5794
34 5648
35 5791
36 5610
37 5504
38 5531
39 5894
40 6048
41 5628
42 5721
43 5789
44 6022
45 5729
46 6273
47 6497
48 5864
49 6040
50 5515
51 5906
52 6506
53 5981
53 5929
54 6560
55 6356
56 6084
57 5962
58 6085
59 6209
60 5509
61 5696
62 5565
63 5838
64 5515
65 5614
66 6032
67 6461
68 6091
69 5664
70 5832
71 6110
72 5607
73 5852
74 5593
75 5899
76 5512
77 6238
78 5872
79 5750
80 5980
81 5703
82 5596
83 5651
84 5824
84 6541
85 5843
86 5755
87 5566
88 5870
89 6164
90 6434
91 5681
92 6074
93 5581
94 5749
95 6455
96 5687
97 5611
98 5638
99 5547
99 6024
100 6173
101 6050
102 6100
103 5984
104 5974
105 6179
106 5486
107 6523
108 5896
109 6087
110 6181
111 5824
112 5922
113 5565
114 5684
115 5816
116 5990
117 6572
118 6515
119 5539
120 5744
121 6400
122 6199
123 5990
124 5644
125 5557
126 5590
127 5732
128 6328
129 6252
130 6323
131 6138
132 5704
133 5909
134 5485
135 5955
136 6053
137 6496
138 5918
139 6266
140 6048
141 5541
142 6317
143 5815
144 5649
145 6313
146 6553
147 6256
148 5821
149 6518
150 5638
151 6304
152 5951
153 5634
154 6070
155 6216
156 5974
157 5554
158 5523
159 6046
160 5979
161 5990
162 6016
163 5809
164 5700
165 5587
165 6250
166 6081
167 5751
168 5709
169 6178
170 5555
171 5941
172 6426
173 5574
174 6379
175 5693
176 5827
177 5991
178 6233
179 5599
180 6472
181 5877
182 6030
183 6392
184 6240
185 5968
186 6391
187 6499
188 5867
189 5896
190 5997
191 5711
192 5521
193 6359
194 5804
195 6350
196 6060
197 5653
198 6040
199 5698
200 6277
201 6259
202 5783
203 6310
204 5534
205 5685
206 6101
207 5733
208 6343
209 5512
210 5623
211 5545
212 6442
213 6159
214 5556
215 6166
216 6025
217 5681
218 6305
219 6381
220 5914
221 5931
222 6034
223 5727
224 5983
225 5635
226 5653
227 5509
228 5604
229 6302
230 6138
231 5713
232 5795
233 6234
234 6112
235 6356
236 6320
237 5604
238 6566
239 5782
240 5959
241 6212
242 6456
243 5492
244 5789
245 5765
246 6106
247 5936
248 6223
249 6113
250 6015
251 5640
252 6469
253 5534
254 5651
255 6429
256 6068
257 5915
258 5621
259 5688
259 6157
259 6249
259 6494
260 5814
261 6483
262 5967
262 6522
263 6310
264 6237
265 5976
266 5908
267 5512
268 6257
269 6414
270 5737
271 5971
271 6105
272 6307
273 5787
274 6041
275 5528
276 6463
277 5912
278 5531
279 5866
280 5641
281 5641
282 5885
283 6284
284 6367
285 5552
286 5593
287 6498
288 5656
289 6521
290 5833
291 6154
292 5522
293 6120
294 5578
295 6543
296 6267
297 5881
298 5512
299 5620
300 6437
301 6418
302 5857
303 5635
304 5906
305 5518
306 6039
307 6177
308 5747
309 5803
310 5891
311 5865
312 6210
313 5865
314 5649
315 5548
315 5970
315 5639
316 5760
317 5667
318 6370
319 5947
320 5837
321 5639
322 6511
323 5545
324 5487
325 6258
326 5565
327 5558
328 6570
329 5998
330 5681
331 5630
332 5828
333 5774
334 5787
335 5848
336 5838
337 6318
338 6198
339 5534
340 6354
341 6038
342 6228
343 6311
343 6346
343 6401
344 5606
345 5578
346 6436
347 6416
348 5869
349 5760
350 6532
351 5856
352 6439
353 5719
354 5814
355 5529
356 6482
357 5808
358 6071
359 5550
360 5607
361 5499
362 5584
362 6139
363 6182
364 5486
365 5993
366 5731
366 6018
367 5546
368 5904
369 5567
370 6295
371 5499
372 5686
373 5835
374 6341
375 5604
376 5605
377 6338
378 5693
379 6005
380 6224
381 6136
382 5488
383 5676
384 6087
385 6458
386 5594
387 5554
388 6556
389 5680
390 6369
391 6013
392 5793
393 5707
394 5974
395 5553
396 5707
397 6002
398 6120
399 5509
400 6466
401 5499
402 5505
403 6168
404 6075
405 5840
406 6424
407 5867
408 5514
409 6431
410 6376
411 5719
411 5953
412 5755
413 6394
414 5733
415 6013
416 5933
417 6242
418 6555
419 5839
420 5553
421 6321
422 5895
423 5623
424 5893
425 6412
426 5617
427 6239
428 5513
429 6500
430 6432
431 5897
432 5755
433 6231
434 5773
435 6117
436 5648
437 5544
438 6260
439 6142
440 5529
441 5759
442 6065
443 6489
444 5551
445 5570
446 5992
447 5987
448 5526
449 6279
450 5633
450 5669
451 6235
452 5831
453 6537
454 5577
455 6356
456 5980
457 5607
458 6486
459 6128
460 6286
461 6052
462 6197
463 5652
464 5798
465 6013
466 6169
467 6395
468 5916
469 5854
469 6186
470 5588
471 6147
472 5573
473 5813
474 6452
475 6447
476 5574
477 5856
478 5812
479 5932
480 5725
481 5516
482 6558
483 5545
484 5965
485 5835
486 6510
487 6316
488 6462
489 6314
490 6536
491 6325
492 6178
493 6298
494 6075
495 5932
496 6364
497 5886
497 6368
498 6192
499 6303
500 6530
501 5802
502 6269
503 5655
504 5868
505 5608
506 6027
507 5569
508 6413
509 5530
509 5758
510 5530
510 5758
511 5692
512 5530
512 5758
513 6398
514 6225
515 5819
516 5715
517 5528
518 5714
519 6054
520 6551
521 5754
522 5493
523 6055
524 6396
525 5669
526 6342
527 6477
528 5754
529 5699
530 5509
531 6490
532 5750
533 5733
534 5635
535 6332
536 5670
537 5782
538 6492
539 6064
540 5592
541 6147
542 6245
543 6156
544 5636
545 6208
546 6419
547 5496
548 5672
549 5597
550 5937
551 5493
552 5730
553 5516
554 5545
555 5855
556 6253
557 6425
558 6174
559 6410
560 6176
561 5884
562 5604
563 5763
564 6554
565 6278
566 6105
566 5971
567 5565
568 6334
569 5582
570 6384
571 5685
572 6524
573 6184
574 5792
575 6069
576 5502
577 6077
578 6349
579 6390
580 6196
581 6000
582 6170
583 5880
584 6119
585 6549
586 5627
587 6086
588 5996
589 6046
590 5677
591 5812
592 5865
593 5986
594 6406
595 5717
596 5498
597 5932
598 6547
599 5562
600 6574
601 5745
602 6387
603 6349
604 5583
604 6326
605 5878
606 5609
607 5623
608 5836
609 6162
610 5691
611 6161
612 5537
613 6405
614 5916
615 6268
616 6552
617 6204
618 5808
619 6124
620 5728
621 6230
622 6058
623 6353
624 6061
625 6146
626 6291
626 6345
627 5775
628 6126
629 6147
630 5722
631 5570
632 6330
633 5512
634 6324
635 6027
636 5861
637 5689
638 5842
639 5505
640 5647
641 5922
642 6440
643 5603
644 6079
645 6251
646 5526
647 5961
648 6446
649 5553
650 5756
651 5568
652 5901
653 6207
654 5559
654 6470
655 5850
656 5631
657 5966
658 6102
659 5985
660 5926
661 6471
662 5586
663 5799
664 5873
665 6534
666 5550
667 5680
668 6186
669 5699
670 6527
671 6001
672 5932
673 5736
674 6306
675 6097
676 6493
677 5671
678 5768
679 6254
680 6019
681 6299
682 5953
682 5719
683 6512
684 5907
685 5651
686 6339
687 6040
688 5767
689 5654
690 6125
691 5846
692 5778
693 5528
694 5632
695 6363
696 5916
697 5679
698 6171
699 5507
700 6452
701 5926
702 6220
703 6178
704 6103
705 5592
706 6101
707 5809
708 6485
709 5603
710 5674
711 5724
712 5977
713 6257
714 6402
714 6443
715 5849
716 6378
717 5808
718 6475
719 5635
720 6411
721 5548
722 6393
723 6504
724 5694
725 5946
726 5906
727 5678
728 5957
729 5695
730 6069
731 5563
732 5518
733 5905
734 6200
735 6246
736 5735
737 6096
738 6198
739 5764
740 5801
740 6514
741 5546
742 5771
743 5963
744 6119
745 6287
746 5991
747 6451
748 5865
749 6347
750 5741
751 6019
752 6229
753 6546
754 6380
755 5653
756 5964
757 5730
758 6063
759 5637
760 6513
761 5890
762 6073
763 5661
763 6206
764 5684
765 6333
766 5827
767 5646
768 5949
769 6068
770 6062
771 5948
772 6301
773 6104
774 6017
775 5866
776 5781
777 6559
778 5882
779 5990
780 5929
781 6018
782 5527
783 6194
784 6335
785 6072
786 6092
787 6014
788 5960
789 6241
790 6195
791 5632
792 5796
793 5956
793 5871
794 5942
795 5863
796 5972
797 6051
798 6244
799 6187
800 5755
801 5912
802 5814
803 5906
804 6262
805 5709
806 5873
807 6480
808 6337
809 6322
810 6116
811 6338
812 6371
813 6141
814 5578
815 5658
816 5862
816 6037
817 5834
818 5532
819 5527
820 5742
821 6403
822 5769
822 5982
823 5902
824 5604
825 6118
826 5674
827 5972
828 6236
829 5841
830 5994
831 5699
832 5944
833 6059
834 5572
835 5684
836 6448
836 6245
837 6187
838 6423
839 5582
839 5797
839 5548
840 5881
841 5604
842 5923
843 5934
844 6175
845 6211
846 5525
847 5645
847 6151
848 6274
849 6372
850 5788
851 6218
852 5553
853 6099
854 5616
855 5643
856 6290
857 6361
858 5719
858 5953
859 6529
860 5829
861 6079
862 5619
863 5963
864 5820
865 6476
866 5613
867 6066
868 5848
869 6255
870 5789
871 5821
872 6563
873 5819
874 6226
875 6032
876 5598
877 5548
877 5497
878 6163
879 5491
880 6340
881 5628
882 5864
883 6199
884 5847
885 5651
886 6178
887 5497
888 5882
889 6308
890 6491
891 6143
892 5784
893 5743
894 6080
895 5600
896 6542
897 5954
898 5549
899 6377
900 6150
901 5932
902 5792
903 5847
904 5938
905 5499
906 5814
907 5651
908 6236
909 6425
910 5642
910 6135
911 6221
911 6444
912 5604
913 5680
914 6234
915 6508
916 6516
917 5860
918 6374
919 6027
920 5811
921 6043
922 5710
923 6145
924 6187
925 6004
926 6045
927 5512
928 5564
929 5823
930 5955
931 6222
932 5752
933 6011
934 6417
935 6183
936 5897
937 5685
938 5945
939 5812
940 6517
941 6028
942 5903
943 6407
944 5896
945 5908
946 5812
947 6062
948 6111
949 5604
950 5536
951 6104
952 5508
953 5748
954 5821
955 5622
956 5747
957 6187
958 5681
959 5882
960 6460
961 5820
961 5716
962 5651
963 6033
964 5778
965 6203
966 5511
967 5660
968 6208
969 6409
970 6263
971 6569
972 6331
973 6123
974 5518
975 5955
976 5500
977 5694
978 6094
979 6021
980 6394
981 6531
982 6548
983 5509
984 6526
985 6282
986 6043
987 5699
988 6564
989 5635
990 6404
991 6366
992 5518
993 6420
994 5757
995 5796
996 6121
997 6374
998 5681
999 6232
1000 5885
1001 6283
1002 6293
1003 5585
1004 6356
1005 5529
1006 5891
1007 6167
1008 6312
1009 5538
1010 5617
1010 5917
1011 6265
1012 6009
1013 6020
1014 5684
1015 5950
1016 5571
1017 5499
1018 5666
1019 5806
1020 5540
1021 5576
1022 6550
1023 6007
1024 6057
1025 5682
1026 5518
1027 6495
1028 5494
1029 6127
1030 5668
1031 5712
1032 5595
1033 5582
1034 5673
1034 5823
1035 6131
1036 5975
1037 5838
1038 5958
1038 6533
1039 5777
1040 5913
1041 5654
1042 5702
1043 5705
1044 6214
1045 6193
1046 6217
1047 5707
1048 6194
1049 5542
1050 5539
1051 5830
1052 6365
1053 6114
1054 5814
1055 5604
1056 6385
1057 5761
1058 5839
1059 5875
1060 5853
1061 5697
1062 5518
1063 6261
1064 6362
1065 5890
1066 6062
1067 5658
1068 6557
1069 6415
1070 6115
1071 5861
1072 6227
1073 6427
1074 6272
1075 5592
1076 6055
1077 5650
1078 5783
1079 5611
1080 6245
1081 5943
1082 5740
1083 5903
1083 6326
1084 5707
1085 5670
1086 5707
1087 5858
1087 5878
1088 6202
1089 5851
1090 5503
1091 5865
1092 5814
1093 5713
1094 5891
1095 5701
1096 5505
1097 5648
1098 5975
1099 5707
1100 5753
1100 5776
1101 5770
1102 5952
1103 5706
1104 5817
1105 5807
1106 5489
1107 5618
1108 6148
1109 5616
1110 6189
1111 5785
1112 5813
1113 5495
1113 5928
1113 6457
1114 6045
1115 5549
1116 5494
1117 6042
1118 5830
1119 5738
1120 5558
1121 6433
1122 5901
1123 6031
1124 5723
1125 5674
1126 6298
1127 6386
1128 6258
1129 5811
1130 5707
1131 6267
1132 6399
1133 6478
1134 6004
1135 6487
1136 5770
1137 5532
1138 6375
1139 5784
1140 6191
1141 5509
1142 6575
1143 5524
1144 5941
1145 6540
1146 5651
1147 5554
1148 6058
1149 6270
1150 5512
1151 6003
1152 5939
1153 5969
1154 5876
1155 6296
1156 5529
1157 6185
1158 6180
1159 5879
1160 5870
1161 5699
1162 6003
1163 5506
1164 5533
1165 6083
1166 6565
1167 5734
1168 6078
1169 6309
1170 6576
1171 5681
1172 6194
1173 5648
1174 6247
1175 6300
1176 5993
1177 6457
1177 5928
1178 6118
1179 6430
1179 6459
1180 5582
1181 5592
1182 6545
1183 5805
1184 5798
1185 5776
1186 5779
1186 6271
1187 5500
1188 5560
1189 5701
1190 5486
1191 6474
1192 5520
1193 5621
1194 6245
1194 6016
1195 5759
1196 6231
1197 5490
1198 5707
1199 5665
1200 5705
1201 6285
1201 6344
1202 5509
1203 5708
1204 5658
1205 6481
1206 5772
1207 5683
1208 6215
1209 5628
1210 5621
1211 5659
1212 5518
1213 5805
1214 5553
1215 6428
1216 6520
1217 6445
1218 5512
1219 6149
1220 6115
1221 5489
1222 6188
1223 6032
1224 5979
1225 5562
1226 6012
1227 5591
1228 6067
1229 6219
1230 5515
1231 5651
1232 6280
1233 6095
1233 6441
1234 6180
1235 6465
1236 5942
1237 5509
1238 5810
1239 6056
1240 5970
1241 6090
1242 6357
1243 6450
1244 5484
1245 6243
1246 6036
1247 5776
1248 6149
1249 6388
1250 5705
1251 5707
1252 5989
1253 6355
1254 5881
1255 5978
1256 6107
1257 5800
1258 5687
1259 5992
1260 5690
1261 6003
1262 5535
1263 6302
1264 5647
1265 5647
1266 6288
1267 6008
1268 5999
1269 6129
1270 6449
1271 6561
1272 5900
1273 5824
1274 5626
1275 6360
1276 6351
1277 5818
1278 5822
1279 6327
1280 5924
1281 5809
1282 6076
1283 5927
1284 5865
1285 5895
1286 6199
1287 5568
1288 5934
1289 6544
1290 5561
1290 5795
1291 5795
1292 6348
1293 5601
1294 6381
1295 6467
1296 5510
1297 5522
1298 5889
1299 5501
1300 5661
1301 6373
1302 5850
1303 5558
1304 5579
1304 5995
1304 6047
1304 6152
1304 6160
1305 5972
1306 5657
1306 6289
1306 6140
1307 6098
1308 5932
1309 5509
1310 6571
1311 5690
1311 5543
1312 6029
1313 5575
1314 6132
1315 5707
1316 5509
1317 5739
1318 6006
1319 5520
1320 5786
1321 5659
1322 5628
1323 5844
1323 6044
1324 5628
1325 6165
1326 5669
1327 6137
1328 6538
1329 5925
1330 6118
1330 5920
1331 6248
1332 6264
1333 6468
1334 5780
1335 6336
1336 6005
1337 5756
1338 6088
1339 6253
1340 6297
1341 5625
1342 5838
1343 6153
1343 6435
1343 6509
1344 5930
1345 6082
1346 5539
1347 5764
1348 5879
1349 6023
1350 6397
1351 6089
1352 5523
1353 5887
1354 6454
1355 6438
1356 5748
1357 6144
1358 5751
1359 5865
1360 5632
1361 5744
1362 6050
1363 5737
1364 6109
1365 5971
1365 6105
1366 5685
1367 5720
1368 5920
1369 6201
1370 6391
1371 6464
1372 6473
1373 6178
1374 5766
1375 5865
1376 5501
1377 5845
1378 6049
1379 5519
1379 5929
1379 6421
1379 5797
1379 5970
1379 5639
1380 6118
1381 5603
1381 5518
1382 6484
1383 6358
1384 5718
1385 5615
1386 6158
1387 5785
1388 5925
1389 5663
1390 6133
1391 6292
1392 6172
1393 6275
1394 5662
1395 6041
1396 5675
1397 6539
1398 6108
1399 6035
1400 5681
1401 6488
1402 5615
1403 5892
1404 5499
1405 6519
1406 5667
1407 5553
1408 6573
1409 5803
1410 5940
1411 5814
1412 6379
1413 5993
1414 5921
1415 5604
1416 5726
1417 5863
1417 6408
1418 5919
1419 5789
1420 6535
1421 5515
1422 5988
1423 5910
1424 5859
1425 5668
1426 6507
1427 6568
1428 5826
1429 5651
1430 5612
1431 6315
1432 6281
1433 5629
1433 6525
1434 5812
1435 5863
1436 6213
1437 5874
1438 5890
1439 6044
1439 5924
1440 6099
1441 5604
1442 5602
1443 6329
1444 5825
1445 6122
1445 6155
1446 5935
1447 5973
1448 5746
1449 6276
1450 6028
1451 5773
1452 6382
1453 6205
1454 6319
1455 5911
1456 5817
1457 6296
1458 5790
1459 5589
1460 5762
1461 5754
1462 5627
1463 6562
1464 6567
0 7726
1 6680
2 7055
3 7812
4 7145
5 7477
5 7985
6 6858
6 7661
7 7034
8 6648
9 7744
10 7273
11 6908
11 7169
12 6648
13 7933
14 6912
15 6935
16 6951
17 6735
18 7854
19 6920
20 7689
21 7400
21 7619
22 6639
22 6787
23 7986
24 7162
24 7717
25 7725
26 6879
26 6968
27 7303
28 6965
29 7743
30 6909
31 6774
32 7456
33 7317
34 6717
35 6709
35 6765
36 7244
37 7035
37 6943
38 7324
39 7297
40 7335
40 7127
41 6793
42 6765
43 7392
44 7110
45 7369
46 6633
47 7714
48 7733
49 7134
50 7092
51 6988
51 7043
52 7662
53 6704
53 7158
54 7577
54 6710
54 6772
55 7510
56 7080
57 7514
57 7664
58 7082
58 6772
59 6804
59 7312
60 6581
61 6788
62 6670
63 7047
64 6823
64 7061
65 7573
66 7124
67 7147
68 6980
68 7411
69 8014
70 7748
71 6990
72 6897
73 7356
74 6645
75 7889
76 6735
77 7702
78 7269
79 7541
80 6649
80 7625
80 7675
81 7688
82 6642
83 6590
83 6800
84 7173
85 7335
85 6789
86 7595
86 6582
87 7679
88 7070
89 6654
89 6701
90 7783
91 6753
92 7065
93 7086
94 7631
95 7606
96 7832
96 7462
97 6922
97 7436
97 6853
98 6625
99 7494
100 6697
101 7414
102 7003
103 7548
104 6616
105 7923
106 6653
106 6896
107 6909
108 6778
109 6581
110 6865
111 7486
112 6683
112 7438
112 7898
113 6644
114 7204
114 7553
115 6944
115 6751
116 7775
117 7511
118 7678
119 6779
120 6601
121 7864
122 6760
123 6605
124 6887
125 8001
126 7084
127 7492
128 7823
129 6740
130 6599
131 6599
132 7523
132 7822
133 7002
134 6686
135 7617
136 7150
137 7138
137 7347
137 7189
138 7841
139 7310
139 6627
140 7127
141 7970
142 6646
143 7338
144 7321
145 7636
145 7642
146 6726
146 6886
146 6868
147 7805
148 7334
149 6872
150 6625
151 6933
151 6694
152 6959
153 6712
153 6752
154 7051
155 6816
156 6616
157 7450
158 6722
158 6948
158 7566
159 6978
160 7346
160 7330
161 7180
161 6605
162 6650
163 6817
163 7885
164 7046
165 6745
165 6830
166 7091
167 6583
168 7028
169 7220
169 7801
169 7806
170 7658
171 7965
172 7789
172 7975
173 6994
174 7908
175 6632
176 7221
177 7984
178 6673
179 6940
180 6657
181 6931
181 7371
182 7842
183 7877
184 6809
185 7852
186 7329
187 7671
188 6605
188 6742
189 7353
189 7544
190 7276
191 7037
192 7542
193 7942
194 6978
195 7934
196 7990
197 7140
198 7063
199 7023
199 7188
199 6647
200 7293
201 6850
202 7377
203 6762
204 6664
204 7448
205 6655
206 7271
207 6618
207 6832
208 7167
208 7691
209 6735
209 6645
210 6596
211 6680
211 7161
212 7797
212 7759
213 7261
214 6713
215 8000
216 7108
217 7284
218 7016
218 7620
219 7018
220 7461
221 7229
221 7012
221 7737
221 7586
222 6679
223 7434
224 6626
225 7567
226 7140
227 6581
228 6950
229 7024
229 8018
230 7175
231 7947
232 7574
232 7694
233 6672
233 6640
234 6986
235 7703
236 7847
237 6784
237 6837
238 6602
239 7920
240 7520
240 7582
241 6781
242 7826
243 7274
243 6584
243 6868
244 7392
245 7968
246 6996
247 6750
247 8006
248 7358
249 7019
250 6949
251 6608
251 7476
252 7793
253 7085
253 7706
254 6692
255 6700
256 6756
257 7213
258 6905
259 7474
259 7914
259 7170
260 6727
261 7745
262 7160
262 7684
263 6762
264 6840
265 7153
265 7077
266 7311
267 6735
268 7015
268 7151
269 7839
270 7322
270 6646
271 6942
271 6992
272 7924
273 6821
274 7308
275 6858
276 7988
277 7680
278 7324
279 6753
280 7007
281 6958
281 7007
282 7007
282 6958
283 7201
284 7860
284 7893
285 7359
286 6645
286 7307
287 7708
288 7464
289 7229
290 7596
291 6937
292 7571
293 7540
294 7361
295 7593
296 6613
297 6962
298 7045
298 6735
299 6818
299 6650
300 6772
300 7800
301 6710
301 7231
301 7283
301 7834
302 6930
303 6721
303 7554
303 7868
304 7690
305 6698
306 6955
307 6777
307 7462
308 7056
308 7366
309 6609
310 7300
311 6823
312 6943
312 6708
313 6656
314 7242
315 7154
316 7121
316 7871
317 6871
318 6638
319 7259
320 7820
321 6628
322 7084
323 6680
323 6841
323 7187
323 7784
324 7478
325 6634
325 7419
325 6650
325 6670
326 6670
327 7135
327 7830
328 7517
329 7196
330 7284
331 7682
332 7182
332 7207
333 7380
334 6821
335 7089
336 7047
337 7205
338 7549
339 7079
340 7943
341 7118
342 7142
343 7888
343 7938
343 7987
344 6816
344 7029
345 6766
346 7799
347 7837
348 6832
349 7314
350 7343
351 6965
352 7130
352 7579
353 6661
353 7683
354 6699
355 6957
356 7738
357 6952
358 7139
358 7203
358 6843
359 7337
360 7038
360 7275
360 7011
361 6907
362 7089
362 7500
362 7597
362 7604
363 6863
364 6653
365 7026
365 7525
366 7216
367 7166
367 6737
368 7537
369 6764
370 7340
370 7798
371 6907
372 7399
373 7750
374 7939
375 6950
376 7216
377 7454
378 7508
379 6920
380 6814
381 6903
382 7460
383 7571
384 7081
384 7614
385 7143
386 7652
387 7333
388 7570
389 7578
390 7055
391 7100
392 6641
393 7467
394 6616
394 7558
395 6719
396 6656
397 7348
398 6650
399 6815
399 7422
400 7772
401 6907
402 6934
403 6757
403 7922
404 7704
405 7031
406 7031
406 7840
407 6742
407 6605
407 7180
408 6947
408 7357
408 7719
408 7673
409 7624
409 7849
410 7916
411 7008
412 6582
413 7360
413 6825
414 6832
415 7100
416 7217
416 7006
417 6651
418 7568
419 6728
420 6592
421 7883
421 7951
421 7953
422 7385
423 6596
424 7200
424 7917
425 7376
426 6702
427 6688
427 7807
428 7829
429 7446
430 6719
430 7413
431 6592
431 7846
432 6582
433 7521
434 6641
435 6761
435 7505
436 6723
437 7482
437 8005
438 6587
439 6919
440 7989
441 7036
442 7060
443 7696
444 7578
445 6782
446 7116
447 7230
447 7663
448 7444
449 6658
450 7083
450 7469
451 7325
452 7236
452 6657
453 7299
454 7129
455 6936
456 6889
457 7072
458 7959
458 7964
459 6676
460 8006
461 7064
462 7096
463 6663
463 7044
463 7977
464 7296
465 7100
466 6826
467 7199
468 6694
469 6878
469 7354
470 7976
471 6591
471 6671
472 6621
472 6816
472 7390
473 7475
473 7718
474 7639
475 7152
475 7821
476 7561
476 8023
477 7876
478 6604
479 6888
480 6932
481 6720
482 6960
482 7563
482 7391
483 7395
483 7161
483 7466
483 7713
484 7163
484 6623
485 6601
485 7904
486 6630
487 7992
488 7120
489 7512
490 7650
491 6981
492 7279
492 7983
493 6987
494 7342
494 6647
495 6888
496 6632
496 7531
497 7907
498 6925
499 7536
500 7638
501 7215
502 7215
503 6803
503 6812
503 7869
503 6896
504 7692
505 7902
506 7431
507 7229
507 7716
508 6643
509 6580
510 6580
511 7394
512 6580
512 7381
513 7863
514 6747
515 7720
516 6972
517 7034
518 7364
518 7999
519 7040
519 6874
520 7697
521 7521
522 6650
523 6727
523 6827
524 7291
524 7865
525 8002
526 6693
527 7676
528 7525
529 6797
529 7069
530 6581
531 7811
532 6595
533 6832
534 7611
535 7967
536 7404
537 7677
537 7349
538 7699
539 6928
539 7608
540 6650
541 6671
541 6591
542 6601
543 7771
544 7388
545 7782
546 6692
547 7651
548 7405
549 7480
550 7429
551 7228
552 6836
553 6720
554 6680
555 7355
555 6857
555 7906
556 6579
556 6597
557 7122
558 6749
558 6855
559 7393
560 7306
561 7919
562 6950
563 7370
564 7572
565 6736
565 7295
566 6992
566 6942
567 7858
568 7022
568 7551
569 6853
570 7895
571 6655
572 7426
573 7195
574 7059
575 6966
576 7330
576 7473
576 7626
577 6993
578 7757
579 7878
580 6974
581 6620
581 7534
582 6824
583 7280
584 6609
585 6609
586 7087
587 7816
587 8004
588 7674
589 7212
590 7403
590 7557
591 6629
592 6656
593 6684
594 7610
595 7336
596 6873
596 7503
597 7773
598 7602
599 7490
600 6998
601 7105
602 7584
602 7831
602 7905
602 8028
603 7757
604 7502
604 7960
605 6831
606 6584
607 6596
608 6812
609 7629
610 7396
611 7844
612 7481
613 7881
614 6694
615 6606
616 7559
617 6613
618 6952
619 7891
620 6976
620 7432
621 7734
622 7237
623 7804
623 8022
624 7941
625 7780
626 7673
627 7814
628 7021
629 6591
629 6671
630 6624
631 6782
632 7627
632 7856
633 6645
634 7949
635 6869
636 6797
637 7342
638 7345
638 7342
639 6794
640 7809
640 6825
641 7723
642 7458
642 7465
643 6667
644 6724
645 8021
646 7444
647 7286
648 6998
648 8013
649 7365
649 7499
649 6945
649 6719
649 7223
650 6687
651 6611
652 7950
653 6599
654 7487
654 6808
655 6603
656 7443
657 6789
657 7159
658 7001
658 7407
659 7287
659 7483
660 7164
661 7251
661 7786
662 7245
663 7387
664 6889
664 7452
664 7633
664 7097
665 6892
665 7123
665 6848
666 7962
667 7578
668 6878
669 7026
670 7779
671 7177
672 7144
673 7516
674 7982
675 7526
675 6967
675 7995
676 7041
677 7406
678 6577
678 6583
679 6647
679 7023
680 7498
681 8031
682 6810
682 7088
683 7796
684 6983
685 6800
686 6579
686 7231
687 7134
688 6901
689 7267
690 6753
691 7309
692 6625
692 6915
693 6858
694 7043
695 7746
696 6694
696 7438
697 7285
698 7742
699 7470
700 7639
701 6741
701 7940
702 7921
703 7279
704 6767
704 7929
705 6734
705 7250
705 7767
706 6669
706 7123
706 7271
707 6817
708 7192
708 6776
709 6898
710 6854
711 7201
712 7146
713 7151
713 6589
714 7278
715 6936
716 7912
717 6952
718 6802
718 7331
719 7373
719 7092
720 7621
721 7198
721 7555
722 7872
723 7632
723 7724
723 7763
724 7709
725 6594
725 7186
726 6999
726 7749
727 6900
728 7253
729 6604
729 6975
730 6966
731 7484
731 7819
732 6729
732 6698
733 7313
734 6790
734 6817
735 6858
735 8012
736 7283
737 6971
738 6927
738 7911
739 7640
740 7171
740 7305
740 7417
741 6737
742 7368
743 6775
744 6609
745 7722
745 6935
746 6946
747 6772
748 7442
749 7936
750 7685
751 7698
752 6681
753 6833
753 7249
754 7909
755 7140
756 6979
757 6836
758 7390
759 6770
759 7054
759 7024
760 6754
760 7239
761 7301
762 6985
763 6668
763 6939
764 6757
765 6617
765 7980
766 7221
767 7453
768 6772
769 7054
770 7156
770 7974
771 7260
772 7048
773 7282
773 6904
774 6954
775 7284
776 7375
777 7560
778 6595
779 6742
780 7158
781 7398
781 7413
782 6844
783 7439
784 7979
785 7073
786 7257
787 7031
788 7665
789 6731
789 6839
789 6935
790 6771
791 7043
792 6988
792 6784
793 7266
794 7232
795 6796
796 7123
796 6629
797 7098
797 7655
798 7835
798 6636
799 7589
799 6694
799 6622
800 6582
801 7680
802 6699
803 6999
804 7032
804 7258
805 7028
806 7265
807 6780
808 7978
809 7628
809 7945
810 6645
811 7710
812 7727
812 7903
813 6694
814 6766
815 6648
816 7857
817 7017
817 7957
818 7600
819 7189
820 7428
821 7884
822 7067
823 7320
824 6784
824 6837
825 7062
825 7790
826 6854
827 6660
827 7157
828 6607
829 7915
830 6835
831 6914
832 7165
833 6806
834 7862
835 7204
836 6995
836 6650
837 6622
837 7589
838 7665
839 6732
840 6982
841 7362
841 7587
842 6614
843 7954
844 7341
845 7753
845 7341
846 7067
846 7000
846 6682
847 6679
847 7011
848 7043
849 7027
849 7765
850 7194
851 6792
852 6719
852 7634
853 6964
854 7246
855 6612
856 8015
857 7963
858 6810
858 7683
858 7088
859 7637
860 7203
861 6724
862 7131
862 7447
863 7248
863 6935
864 6586
864 7410
865 6898
866 7078
866 7435
867 7052
868 7222
869 6652
870 7392
871 7334
872 7588
873 7704
874 7099
875 7124
876 7298
877 6851
878 7223
879 7458
880 6872
881 6708
881 6656
882 7733
883 6760
884 6929
885 7677
886 6669
887 7255
888 6622
889 6978
890 7463
891 6918
892 7005
893 6592
894 7090
895 7711
895 7754
896 6816
897 6696
898 7409
899 6708
899 8027
900 6703
901 7607
902 7059
903 6833
903 7927
904 7825
905 6907
906 6699
907 6800
908 6607
908 7740
909 7122
910 6707
910 6738
910 6697
910 7647
910 7653
911 6820
912 6837
913 7578
914 6640
915 6666
915 7795
915 7899
916 6622
917 7277
918 7006
919 6846
919 7178
919 7545
919 6869
919 7605
920 7043
921 7532
921 7768
922 7425
923 7591
924 6622
925 7695
926 6651
926 7873
926 8025
927 6735
928 7687
928 7762
929 7332
930 7254
931 7009
931 7069
932 6622
932 7363
933 6941
933 6622
933 6744
934 7282
934 7836
935 7539
935 7330
936 6592
937 7179
938 7137
939 6639
940 6748
941 7705
941 7764
942 7316
943 6755
943 7603
944 6778
944 7049
945 7311
946 6802
946 6773
947 6842
948 6938
948 6989
949 6950
950 6885
951 6904
952 7075
953 7518
954 7334
955 7827
956 7366
957 6622
958 7284
959 6669
960 7402
961 6759
961 7042
962 6928
963 6593
964 6882
964 6915
964 7715
965 6786
966 6924
967 7211
968 7782
968 8033
969 6778
969 7670
969 7833
970 7668
971 7700
971 7913
972 7535
972 7644
973 7030
973 7672
973 7932
974 7788
975 7617
976 7459
977 7418
978 6977
979 7111
980 7599
980 7867
981 6970
982 7601
983 6669
984 7256
985 7352
985 7491
986 7569
987 7069
988 7973
989 6656
989 6708
990 6845
990 7882
991 7897
992 6729
993 7057
994 7204
995 6585
995 7043
996 7803
997 6935
997 7901
998 7284
999 7828
1000 6670
1001 8007
1002 8024
1003 7527
1004 7792
1005 7247
1006 7300
1007 7039
1007 6873
1008 7457
1009 6675
1009 7479
1010 6659
1011 7420
1012 6650
1013 7565
1014 7204
1015 7241
1016 7507
1017 6907
1018 6870
1018 7652
1019 7315
1019 7326
1020 7020
1020 7115
1020 7224
1021 6859
1021 6871
1022 7612
1023 7103
1024 6819
1024 6650
1025 7382
1026 7576
1027 7026
1028 6785
1028 7319
1029 7501
1030 6682
1031 7659
1032 7701
1033 7102
1034 7332
1035 7014
1036 7018
1037 7047
1038 7252
1039 6768
1040 7997
1041 7432
1042 6715
1042 6875
1042 7855
1043 7594
1044 6801
1045 7497
1046 6690
1046 7886
1047 7024
1048 6761
1049 7330
1050 7421
1050 7068
1051 7485
1052 7896
1053 7053
1053 7281
1054 6699
1055 6950
1055 7587
1055 7843
1056 7493
1056 7616
1056 7879
1057 7693
1058 6728
1058 7423
1059 7261
1059 6891
1060 6637
1060 7243
1061 7033
1062 6729
1062 6698
1063 6578
1063 7910
1064 6963
1065 6910
1065 7956
1066 6834
1067 6648
1068 7564
1069 7250
1069 6698
1069 6645
1069 6729
1069 7307
1069 7838
1070 7372
1070 7271
1071 6650
1071 7925
1072 6685
1073 7519
1074 7529
1074 6778
1075 6669
1076 7071
1076 7958
1077 6870
1078 7377
1079 7436
1080 7172
1080 7880
1081 6917
1081 7233
1082 7209
1083 7316
1084 7024
1085 7404
1086 6656
1087 7488
1088 6791
1088 7344
1088 7386
1089 7156
1090 6634
1091 6743
1091 7623
1092 6622
1092 7585
1093 7093
1093 7184
1094 7114
1095 7416
1096 6884
1096 6794
1096 6943
1097 7654
1098 6763
1098 7781
1099 6669
1100 7991
1101 6868
1101 7095
1101 7787
1102 6600
1102 7778
1103 7190
1104 7168
1105 7327
1105 7472
1106 7183
1107 7193
1107 7521
1108 7870
1109 6636
1110 7302
1110 7583
1110 7966
1111 6770
1112 7522
1113 6856
1113 7378
1113 7755
1114 6853
1115 7409
1116 8029
1117 7143
1117 7225
1118 6798
1119 7234
1119 7438
1120 7468
1121 7845
1122 8032
1123 7729
1124 7197
1125 6854
1126 6994
1127 7851
1128 7104
1129 7101
1130 6718
1131 6613
1132 7794
1133 7133
1133 6711
1133 7656
1134 6893
1135 7148
1135 6695
1136 6911
1136 6991
1137 7766
1138 7918
1139 7005
1140 7465
1141 7123
1141 6605
1142 7509
1143 7622
1144 6651
1145 7598
1146 6800
1147 7450
1148 6895
1148 7330
1149 7289
1149 7712
1150 6735
1151 6883
1152 7817
1153 7045
1154 6795
1154 6743
1155 7547
1156 6632
1156 6909
1156 8034
1157 6881
1158 6867
1159 6973
1160 6635
1161 6669
1162 6883
1163 6758
1163 7136
1163 6586
1164 7319
1164 7170
1165 7170
1165 6650
1166 7774
1167 7630
1167 8003
1168 7930
1169 7235
1170 6970
1171 7284
1172 6656
1173 6708
1174 6610
1175 8030
1176 6584
1177 7952
1178 6669
1179 7290
1180 7102
1181 6956
1182 7592
1183 7969
1184 7296
1185 7112
1186 7066
1186 6860
1186 7861
1186 7890
1187 6762
1188 7323
1189 7416
1190 6653
1190 7585
1191 7728
1192 6931
1193 6905
1194 6995
1194 6650
1195 7408
1196 6677
1197 6730
1197 7875
1198 6949
1198 7024
1199 7645
1199 7741
1200 7185
1201 7010
1201 7074
1202 7123
1202 6876
1202 6926
1203 7441
1203 8019
1204 6769
1204 7202
1205 6739
1205 6899
1206 7430
1206 7646
1206 7432
1207 7550
1208 6739
1208 7181
1209 7149
1210 7461
1210 7240
1211 7981
1212 6729
1213 6975
1214 6719
1215 6733
1216 7686
1217 7808
1217 8009
1218 6645
1218 7045
1219 6813
1220 6669
1221 7183
1222 6646
1222 7328
1223 7124
1224 6759
1224 7471
1224 7350
1225 6844
1225 6862
1226 6584
1226 7533
1227 7440
1227 7449
1227 7874
1228 7538
1229 6674
1229 7609
1230 6746
1230 7061
1231 6800
1232 7615
1233 8008
1234 6807
1234 7732
1235 7288
1236 7232
1237 6926
1237 7144
1237 7123
1238 6783
1238 6993
1239 6631
1239 7013
1240 6906
1240 6732
1240 6832
1241 7702
1242 7086
1243 7818
1244 7125
1245 6716
1245 7427
1245 7944
1246 7214
1246 7508
1247 7112
1248 6813
1249 7206
1250 7389
1251 7024
1252 6838
1253 7739
1254 7189
1255 7391
1256 6997
1257 7543
1258 7012
1259 7116
1260 7397
1260 7061
1260 6877
1261 6883
1262 7025
1263 7669
1264 7119
1264 7660
1264 7770
1265 7219
1266 7050
1267 7117
1267 6926
1267 7969
1268 6877
1269 6909
1270 7618
1271 6832
1272 7384
1272 7824
1273 6864
1273 7420
1274 6581
1275 7641
1276 8017
1277 6605
1277 7785
1278 7292
1278 6725
1278 7613
1279 7524
1280 6711
1281 6817
1282 7359
1283 7227
1284 6743
1285 7385
1286 7268
1286 6760
1287 6611
1288 7451
1289 7552
1289 6670
1289 7853
1290 6668
1290 7106
1290 6705
1290 6958
1291 6598
1291 6668
1291 7106
1291 7004
1291 7076
1292 7445
1293 7174
1294 6875
1295 7635
1296 7590
1296 7993
1297 7946
1298 6614
1299 7848
1299 6882
1300 6586
1301 7900
1302 6603
1303 7524
1304 6811
1304 7128
1304 7504
1304 7892
1304 6953
1305 7058
1306 6695
1306 7528
1307 6969
1307 7581
1308 6888
1309 7126
1309 7643
1309 6926
1310 7401
1311 6805
1311 6877
1312 7304
1313 7506
1314 7024
1315 6665
1316 6581
1316 7272
1317 7132
1318 6987
1318 7424
1318 7155
1319 7681
1320 6605
1320 7374
1321 6987
1322 7237
1323 7112
1323 7432
1324 6823
1325 7318
1325 7236
1326 7176
1327 7935
1328 7649
1329 6847
1329 8011
1330 7379
1330 6674
1331 6706
1331 7437
1332 6615
1333 7210
1334 7495
1334 7736
1335 7530
1336 6920
1337 6822
1338 6935
1338 6984
1339 6597
1339 6935
1340 7752
1340 7666
1341 6888
1342 7047
1343 7707
1343 7496
1344 7226
1345 7264
1345 7810
1346 7813
1347 7887
1348 7513
1349 7113
1349 7815
1350 7866
1351 7109
1351 6715
1352 7998
1353 6769
1354 7681
1355 6852
1356 7556
1356 7012
1356 7961
1357 7721
1358 6923
1359 6743
1360 6784
1361 7415
1361 7271
1362 6880
1363 7191
1363 6646
1364 6894
1365 6591
1365 6671
1366 6655
1367 7094
1367 7141
1367 7948
1368 6691
1369 7971
1370 7850
1371 7776
1372 7730
1373 7220
1373 7806
1374 6747
1375 6718
1376 6678
1376 6882
1377 7360
1378 6921
1378 6958
1379 6732
1380 7237
1381 6667
1381 6698
1381 6926
1381 6729
1382 6861
1383 7926
1384 7262
1385 7116
1386 6588
1387 6849
1388 6829
1389 7489
1390 7383
1391 8026
1392 6635
1392 6619
1393 7996
1394 7367
1395 6858
1396 6935
1397 6866
1398 7667
1399 7731
1400 6858
1401 7777
1402 7116
1403 7735
1404 7747
1405 7283
1406 6714
1406 7756
1407 6592
1407 7634
1408 7546
1409 6609
1410 7238
1411 6699
1412 6913
1412 7515
1412 7802
1413 7132
1414 6890
1415 8020
1416 7433
1417 6796
1418 7107
1419 7247
1419 6651
1420 7208
1421 7092
1422 6662
1423 7770
1423 7859
1424 6902
1425 7263
1426 7657
1427 7218
1428 6931
1429 6800
1430 7758
1430 7761
1431 7994
1432 8010
1433 7218
1433 7894
1434 7022
1435 7270
1435 7024
1436 6799
1437 7294
1438 7301
1439 6668
1440 6964
1441 7756
1442 7928
1443 7955
1444 7412
1445 7024
1446 7648
1446 7477
1447 6631
1448 6916
1449 7751
1449 7937
1449 7972
1450 6961
1450 7455
1450 7769
1451 7791
1452 7239
1452 8016
1453 6828
1454 6840
1455 6828
1456 7339
1457 6689
1457 7547
1458 7562
1459 7351
1460 7760
1460 7931
1461 6634
1461 6668
1462 6907
1463 7575
1464 7580
